!----------------------------------------------------------------------
! Basis Set Exchange
! Version 0.11
! https://www.basissetexchange.org
!----------------------------------------------------------------------
!   Basis set: aug-ano-pVQZ
! Description: aug-ano-pVQZ
!        Role: orbital
!     Version: 1  (Data from supporting information)
!----------------------------------------------------------------------


Al     0
S    21   1.00
3652000.0000000000           0.0000018637
 546800.0000000000           0.0000144635
 124500.0000000000           0.0000761824
  35440.0000000000           0.0003158235
  11840.0000000000           0.0010973874
   4434.0000000000           0.0033697098
   1812.0000000000           0.0093221881
    791.5000000000           0.0237993006
    361.0000000000           0.0568193211
    169.5000000000           0.1224688474
     81.6800000000           0.2238975904
     40.2800000000           0.3134446769
     20.2500000000           0.2749772585
     10.2300000000           0.1105733913
      4.8020000000           0.0119196229
      2.3390000000           0.0006369322
      1.1630000000           0.0004487692
      0.5882000000          -0.0000380120
      0.2311000000           0.0000593791
      0.1027000000           0.0000587612
      0.0452100000           0.0000261452
S    21   1.00
3652000.0000000000           0.0000004848
 546800.0000000000           0.0000037607
 124500.0000000000           0.0000198230
  35440.0000000000           0.0000821362
  11840.0000000000           0.0002859936
   4434.0000000000           0.0008789728
   1812.0000000000           0.0024496839
    791.5000000000           0.0063137218
    361.0000000000           0.0154946400
    169.5000000000           0.0349794080
     81.6800000000           0.0708150170
     40.2800000000           0.1194903762
     20.2500000000           0.1489285897
     10.2300000000           0.0590936008
      4.8020000000          -0.2167547776
      2.3390000000          -0.4769006098
      1.1630000000          -0.3764545105
      0.5882000000          -0.0870507052
      0.2311000000          -0.0012553997
      0.1027000000           0.0022755184
      0.0452100000           0.0005978034
S    21   1.00
3652000.0000000000           0.0000006581
 546800.0000000000           0.0000085715
 124500.0000000000           0.0000186085
  35440.0000000000           0.0002264326
  11840.0000000000           0.0000981428
   4434.0000000000           0.0030820444
   1812.0000000000          -0.0012614076
    791.5000000000           0.0285482438
    361.0000000000          -0.0202526951
    169.5000000000           0.2036470855
     81.6800000000          -0.1794672682
     40.2800000000           0.9986951792
     20.2500000000          -1.1737653296
     10.2300000000           2.0744947898
      4.8020000000          -8.2809244225
      2.3390000000          15.2293387930
      1.1630000000         -15.8146763325
      0.5882000000           9.8744207877
      0.2311000000          -4.5305696534
      0.1027000000           2.2997263550
      0.0452100000          -0.6566819652
S    21   1.00
3652000.0000000000           0.0000001107
 546800.0000000000           0.0000008591
 124500.0000000000           0.0000045255
  35440.0000000000           0.0000187694
  11840.0000000000           0.0000652773
   4434.0000000000           0.0002009878
   1812.0000000000           0.0005592223
    791.5000000000           0.0014463830
    361.0000000000           0.0035455988
    169.5000000000           0.0080644174
     81.6800000000           0.0163827254
     40.2800000000           0.0282463510
     20.2500000000           0.0359202031
     10.2300000000           0.0151042507
      4.8020000000          -0.0605797083
      2.3390000000          -0.1508458697
      1.1630000000          -0.2197750427
      0.5882000000          -0.0945734630
      0.2311000000           0.4009096114
      0.1027000000           0.6098385480
      0.0452100000           0.1812425049
S    21   1.00
3652000.0000000000           0.0000005214
 546800.0000000000           0.0000030180
 124500.0000000000           0.0000237840
  35440.0000000000           0.0000543386
  11840.0000000000           0.0003940892
   4434.0000000000           0.0003900264
   1812.0000000000           0.0040275471
    791.5000000000           0.0010791241
    361.0000000000           0.0302884759
    169.5000000000          -0.0025239503
     81.6800000000           0.1771019040
     40.2800000000          -0.1098458240
     20.2500000000           0.7296308630
     10.2300000000          -1.1663428270
      4.8020000000           1.4431539151
      2.3390000000          -6.1808452623
      1.1630000000          12.6988673829
      0.5882000000         -12.2612551247
      0.2311000000           8.2825106589
      0.1027000000          -5.2409286023
      0.0452100000           1.7437331181
S    21   1.00
3652000.0000000000           0.0000001496
 546800.0000000000           0.0000011735
 124500.0000000000           0.0000060873
  35440.0000000000           0.0000257771
  11840.0000000000           0.0000871996
   4434.0000000000           0.0002783642
   1812.0000000000           0.0007395216
    791.5000000000           0.0020256318
    361.0000000000           0.0046422363
    169.5000000000           0.0114436286
     81.6800000000           0.0211580673
     40.2800000000           0.0414650571
     20.2500000000           0.0435211688
     10.2300000000           0.0324891435
      4.8020000000          -0.1196504024
      2.3390000000          -0.1600031964
      1.1630000000          -0.5198351326
      0.5882000000           0.1665990524
      0.2311000000           1.8438321393
      0.1027000000          -0.8377239912
      0.0452100000          -0.7637343604
S    21   1.00
3652000.0000000000           0.0000002061
 546800.0000000000           0.0000017153
 124500.0000000000           0.0000081490
  35440.0000000000           0.0000387797
  11840.0000000000           0.0001118472
   4434.0000000000           0.0004371204
   1812.0000000000           0.0008870741
    791.5000000000           0.0033529949
    361.0000000000           0.0051703822
    169.5000000000           0.0200182998
     81.6800000000           0.0208212154
     40.2800000000           0.0817328395
     20.2500000000           0.0153743546
     10.2300000000           0.1376098151
      4.8020000000          -0.4141414401
      2.3390000000           0.2147209157
      1.1630000000          -2.0927076649
      0.5882000000           3.5139060536
      0.2311000000          -0.8395895195
      0.1027000000          -2.1906843624
      0.0452100000           1.8376241172
S    21   1.00
3652000.0000000000          -0.0000003363
 546800.0000000000          -0.0000022639
 124500.0000000000          -0.0000145803
  35440.0000000000          -0.0000455533
  11840.0000000000          -0.0002274899
   4434.0000000000          -0.0004231901
   1812.0000000000          -0.0021680090
    791.5000000000          -0.0024625545
    361.0000000000          -0.0153280862
    169.5000000000          -0.0108183653
     81.6800000000          -0.0832372229
     40.2800000000          -0.0064290717
     20.2500000000          -0.2924930770
     10.2300000000           0.3148888831
      4.8020000000          -0.1844575591
      2.3390000000           1.7412863330
      1.1630000000          -1.0568114048
      0.5882000000          -2.9456892236
      0.2311000000           6.1140050797
      0.1027000000          -5.8986517845
      0.0452100000           2.4830074680
P    14   1.00
   2884.0000000000           0.0000638513
    683.2000000000           0.0005636181
    222.0000000000           0.0031720969
     84.8200000000           0.0132523750
     35.8100000000           0.0433836653
     16.2200000000           0.1120603104
      7.7020000000           0.2180142757
      3.7410000000           0.3119431736
      1.8310000000           0.3169439761
      0.8878000000           0.1789251325
      0.3989000000           0.0309903761
      0.1718000000           0.0001206735
      0.0729800000           0.0006689449
      0.0306900000          -0.0001263149
P    14   1.00
   2884.0000000000           0.0000120316
    683.2000000000           0.0001068310
    222.0000000000           0.0005990995
     84.8200000000           0.0025255848
     35.8100000000           0.0082911461
     16.2200000000           0.0218958429
      7.7020000000           0.0430126547
      3.7410000000           0.0633327606
      1.8310000000           0.0677298350
      0.8878000000           0.0417050279
      0.3989000000          -0.1302636002
      0.1718000000          -0.4202655134
      0.0729800000          -0.4498469253
      0.0306900000          -0.1544401658
P    14   1.00
   2884.0000000000           0.0000678979
    683.2000000000           0.0001351730
    222.0000000000           0.0033735428
     84.8200000000           0.0032684875
     35.8100000000           0.0496465827
     16.2200000000           0.0125441898
      7.7020000000           0.3550965184
      3.7410000000          -0.2245376033
      1.8310000000           1.2594290015
      0.8878000000          -2.8090222248
      0.3989000000           1.6948368887
      0.1718000000           0.5752445478
      0.0729800000          -1.7338125203
      0.0306900000           1.1454069900
P    14   1.00
   2884.0000000000           0.0000238482
    683.2000000000           0.0001942814
    222.0000000000           0.0011880114
     84.8200000000           0.0045989411
     35.8100000000           0.0163337058
     16.2200000000           0.0382089444
      7.7020000000           0.0942740455
      3.7410000000           0.1110426891
      1.8310000000           0.1908934527
      0.8878000000           0.1369332131
      0.3989000000          -1.8722530557
      0.1718000000           1.6516107117
      0.0729800000           0.2220423910
      0.0306900000          -0.8236450391
P    14   1.00
   2884.0000000000           0.0000142841
    683.2000000000           0.0001360566
    222.0000000000           0.0007115502
     84.8200000000           0.0032161490
     35.8100000000           0.0097360249
     16.2200000000           0.0278786993
      7.7020000000           0.0498714840
      3.7410000000           0.0877150859
      1.8310000000           0.0707128658
      0.8878000000           0.1575376271
      0.3989000000          -0.4809779769
      0.1718000000          -0.8348210970
      0.0729800000           0.7149805981
      0.0306900000           0.4861292394
P    14   1.00
   2884.0000000000           0.0000269578
    683.2000000000           0.0008112307
    222.0000000000           0.0014171090
     84.8200000000           0.0198442819
     35.8100000000           0.0218001119
     16.2200000000           0.2066852102
      7.7020000000           0.0340093803
      3.7410000000           0.7361831901
      1.8310000000          -0.9242289136
      0.8878000000          -1.2241996062
      0.3989000000           3.2564754944
      0.1718000000          -3.8465484098
      0.0729800000           3.1445158973
      0.0306900000          -1.4415536697
D    5   1.00
      2.2143000000          -0.4817795132
      0.9449000000           2.2988280322
      0.4032000000          -2.6064736168
      0.1721000000           1.7639202662
      0.0734300000          -0.7257299127
D    5   1.00
      2.2143000000           0.0178097303
      0.9449000000           0.0104024313
      0.4032000000           0.2594736718
      0.1721000000           0.5570493165
      0.0734300000           0.3064913572
D    5   1.00
      2.2143000000           0.0081280932
      0.9449000000          -0.0780708823
      0.4032000000           0.8755073302
      0.1721000000           0.0740558985
      0.0734300000          -0.9045955390
D    5   1.00
      2.2143000000           0.2169995922
      0.9449000000          -0.3618618768
      0.4032000000          -1.1399012491
      0.1721000000           2.0816520141
      0.0734300000          -1.2881205783
F    4   1.00
      0.8756000000          -0.0156499578
      0.4472000000           0.2903045341
      0.2284000000           0.4536392079
      0.1167000000           0.3917011935
F    4   1.00
      0.8756000000          -0.0738990485
      0.4472000000           1.1023442854
      0.2284000000          -0.1708018774
      0.1167000000          -0.7758684280
F    4   1.00
      0.8756000000           0.5038783876
      0.4472000000           0.8659373646
      0.2284000000          -2.1940561355
      0.1167000000           1.4580226409
G    3   1.00
      0.6952000000           0.0793341378
      0.3771000000           0.5628915912
      0.2046000000           0.4415994308
G    3   1.00
      0.6952000000           0.6389645379
      0.3771000000           0.5761277632
      0.2046000000          -1.0940218198
****
