!----------------------------------------------------------------------
! Basis Set Exchange
! Version 0.11
! https://www.basissetexchange.org
!----------------------------------------------------------------------
!   Basis set: aug-ano-pVQZ
! Description: aug-ano-pVQZ
!        Role: orbital
!     Version: 1  (Data from supporting information)
!----------------------------------------------------------------------


Ar     0
S    21   1.00
9149000.0000000000           0.0000013427
1370000.0000000000           0.0000104386
 311900.0000000000           0.0000548567
  88650.0000000000           0.0002295828
  29330.0000000000           0.0008103338
  10930.0000000000           0.0024853413
   4480.0000000000           0.0068369173
   1962.0000000000           0.0176198815
    894.1000000000           0.0428751718
    419.6000000000           0.0954852872
    202.3000000000           0.1850640043
     99.8400000000           0.2890415368
     50.0700000000           0.3101655965
     25.1400000000           0.1721832194
     11.8100000000           0.0285227179
      5.8820000000          -0.0005757381
      2.9390000000           0.0011812150
      1.4050000000          -0.0004805349
      0.6963000000           0.0001888494
      0.3188000000          -0.0000972509
      0.1410000000           0.0000174327
S    21   1.00
9149000.0000000000           0.0000003813
1370000.0000000000           0.0000029633
 311900.0000000000           0.0000155803
  88650.0000000000           0.0000651880
  29330.0000000000           0.0002304322
  10930.0000000000           0.0007074586
   4480.0000000000           0.0019572963
   1962.0000000000           0.0050856225
    894.1000000000           0.0126528350
    419.6000000000           0.0293064513
    202.3000000000           0.0617712186
     99.8400000000           0.1125407214
     50.0700000000           0.1622931602
     25.1400000000           0.1184119757
     11.8100000000          -0.1461475119
      5.8820000000          -0.4977515049
      2.9390000000          -0.4342396429
      1.4050000000          -0.0890745104
      0.6963000000          -0.0005380500
      0.3188000000          -0.0020403603
      0.1410000000           0.0000280176
S    21   1.00
9149000.0000000000           0.0000004561
1370000.0000000000           0.0000069702
 311900.0000000000           0.0000104830
  88650.0000000000           0.0001909327
  29330.0000000000          -0.0000088430
  10930.0000000000           0.0027408614
   4480.0000000000          -0.0023148855
   1962.0000000000           0.0259125894
    894.1000000000          -0.0274925753
    419.6000000000           0.1858630074
    202.3000000000          -0.2084275083
     99.8400000000           1.0333533404
     50.0700000000          -1.1234243716
     25.1400000000           2.3951790458
     11.8100000000          -9.5206498981
      5.8820000000          17.3194339583
      2.9390000000         -18.3576229032
      1.4050000000          14.4784224309
      0.6963000000          -9.0488920416
      0.3188000000           3.9599970510
      0.1410000000          -1.0609623973
S    21   1.00
9149000.0000000000           0.0000001196
1370000.0000000000           0.0000009295
 311900.0000000000           0.0000048884
  88650.0000000000           0.0000204455
  29330.0000000000           0.0000723150
  10930.0000000000           0.0002219097
   4480.0000000000           0.0006147545
   1962.0000000000           0.0015970984
    894.1000000000           0.0039865334
    419.6000000000           0.0092577792
    202.3000000000           0.0197068769
     99.8400000000           0.0364106866
     50.0700000000           0.0543600462
     25.1400000000           0.0412101400
     11.8100000000          -0.0557198596
      5.8820000000          -0.2389790991
      2.9390000000          -0.3480660572
      1.4050000000          -0.0114046784
      0.6963000000           0.5088914666
      0.3188000000           0.5484078881
      0.1410000000           0.1564441373
S    21   1.00
9149000.0000000000          -0.0000001367
1370000.0000000000          -0.0000010740
 311900.0000000000          -0.0000055565
  88650.0000000000          -0.0000237565
  29330.0000000000          -0.0000816261
  10930.0000000000          -0.0002602096
   4480.0000000000          -0.0006861311
   1962.0000000000          -0.0018950399
    894.1000000000          -0.0044077494
    419.6000000000          -0.0111231815
    202.3000000000          -0.0215812668
     99.8400000000          -0.0450890638
     50.0700000000          -0.0582069373
     25.1400000000          -0.0607658119
     11.8100000000           0.1167192188
      5.8820000000           0.2034650119
      2.9390000000           0.7215300226
      1.4050000000          -0.4385972721
      0.6963000000          -1.8449057279
      0.3188000000           1.0202646083
      0.1410000000           0.7094666949
S    21   1.00
9149000.0000000000           0.0000003452
1370000.0000000000           0.0000026058
 311900.0000000000           0.0000142904
  88650.0000000000           0.0000564905
  29330.0000000000           0.0002151918
  10930.0000000000           0.0005990865
   4480.0000000000           0.0018866047
   1962.0000000000           0.0042078267
    894.1000000000           0.0127715126
    419.6000000000           0.0245476328
    202.3000000000           0.0703815446
     99.8400000000           0.0980188586
     50.0700000000           0.2878674750
     25.1400000000          -0.2201499979
     11.8100000000          -0.1275869717
      5.8820000000          -4.0555237790
      2.9390000000          11.2889364476
      1.4050000000         -15.7662048897
      0.6963000000          13.9540130720
      0.3188000000          -7.8700116705
      0.1410000000           2.4930828604
S    21   1.00
9149000.0000000000           0.0000002027
1370000.0000000000           0.0000015917
 311900.0000000000           0.0000082454
  88650.0000000000           0.0000351960
  29330.0000000000           0.0001212004
  10930.0000000000           0.0003853461
   4480.0000000000           0.0010202625
   1962.0000000000           0.0028076686
    894.1000000000           0.0065790981
    419.6000000000           0.0165651285
    202.3000000000           0.0326566656
     99.8400000000           0.0682935031
     50.0700000000           0.0931850677
     25.1400000000           0.0892905674
     11.8100000000          -0.2510363395
      5.8820000000          -0.3897714652
      2.9390000000          -1.5121815194
      1.4050000000           4.5898285938
      0.6963000000          -2.7289064028
      0.3188000000          -1.3248076648
      0.1410000000           1.5940922166
S    21   1.00
9149000.0000000000          -0.0000003293
1370000.0000000000          -0.0000018877
 311900.0000000000          -0.0000150571
  88650.0000000000          -0.0000341674
  29330.0000000000          -0.0002550029
  10930.0000000000          -0.0002409141
   4480.0000000000          -0.0026145930
   1962.0000000000          -0.0005645308
    894.1000000000          -0.0196857873
    419.6000000000           0.0024650308
    202.3000000000          -0.1171495345
     99.8400000000           0.0567279069
     50.0700000000          -0.5085459238
     25.1400000000           0.6075583185
     11.8100000000          -0.9040757906
      5.8820000000           3.9348718301
      2.9390000000          -4.9930331276
      1.4050000000           0.2529061904
      0.6963000000           4.9468763592
      0.3188000000          -5.5081469231
      0.1410000000           2.4081698078
P    14   1.00
   7050.0000000000           0.0000501843
   1669.0000000000           0.0004453650
    542.1000000000           0.0025479973
    207.1000000000           0.0110155237
     87.5200000000           0.0378489764
     39.6100000000           0.1043551933
     18.7800000000           0.2193351507
      9.1300000000           0.3346153067
      4.5160000000           0.3267710198
      2.2450000000           0.1481530147
      1.0650000000           0.0192586150
      0.4885000000           0.0005519368
      0.2166000000           0.0001769246
      0.0925500000          -0.0000168555
P    14   1.00
   7050.0000000000           0.0000141163
   1669.0000000000           0.0001249327
    542.1000000000           0.0007189150
    207.1000000000           0.0031134821
     87.5200000000           0.0108614712
     39.6100000000           0.0305213102
     18.7800000000           0.0664087472
      9.1300000000           0.1043355196
      4.5160000000           0.1104812265
      2.2450000000          -0.0132896226
      1.0650000000          -0.2782215414
      0.4885000000          -0.4348655739
      0.2166000000          -0.3375752082
      0.0925500000          -0.0952338864
P    14   1.00
   7050.0000000000           0.0000343626
   1669.0000000000           0.0002030576
    542.1000000000           0.0017464185
    207.1000000000           0.0051788717
     87.5200000000           0.0270262790
     39.6100000000           0.0507693530
     18.7800000000           0.1933756399
      9.1300000000           0.1015726509
      4.5160000000           0.4355928575
      2.2450000000          -0.9855080991
      1.0650000000          -0.8432102702
      0.4885000000           2.0212689369
      0.2166000000          -0.6689038659
      0.0925500000          -0.4774954241
P    14   1.00
   7050.0000000000           0.0000431562
   1669.0000000000           0.0003915534
    542.1000000000           0.0022272548
    207.1000000000           0.0100621568
     87.5200000000           0.0358198284
     39.6100000000           0.1103683120
     18.7800000000           0.2543344739
      9.1300000000           0.2443973897
      4.5160000000           0.2358457918
      2.2450000000          -2.7521614546
      1.0650000000           3.6399411687
      0.4885000000          -1.8330864728
      0.2166000000          -0.3384327962
      0.0925500000           0.7948349959
P    14   1.00
   7050.0000000000           0.0000181269
   1669.0000000000           0.0001604674
    542.1000000000           0.0009241383
    207.1000000000           0.0040094773
     87.5200000000           0.0140247320
     39.6100000000           0.0396644574
     18.7800000000           0.0883804352
      9.1300000000           0.1325313304
      4.5160000000           0.1419961135
      2.2450000000          -0.0015187742
      1.0650000000          -0.8792271203
      0.4885000000          -0.2138306098
      0.2166000000           0.7842254682
      0.0925500000           0.2866213418
P    14   1.00
   7050.0000000000          -0.0000168312
   1669.0000000000           0.0010468239
    542.1000000000          -0.0006566252
    207.1000000000           0.0263999920
     87.5200000000          -0.0074028644
     39.6100000000           0.3136204422
     18.7800000000          -0.1654503349
      9.1300000000           1.4001683062
      4.5160000000          -3.2086471959
      2.2450000000           2.3807653248
      1.0650000000           0.3934685502
      0.4885000000          -2.6009069031
      0.2166000000           3.0085629067
      0.0925500000          -1.6036842506
D    5   1.00
      7.6327000000          -0.3057159963
      3.2876000000           2.1425138225
      1.4160000000          -2.5756255466
      0.6099000000           1.7790133133
      0.2627000000          -0.7536399250
D    5   1.00
      7.6327000000           0.0279057812
      3.2876000000           0.0293683713
      1.4160000000           0.3030943731
      0.6099000000           0.5422799268
      0.2627000000           0.2640015406
D    5   1.00
      7.6327000000          -0.0032892550
      3.2876000000          -0.0701912500
      1.4160000000           0.9235793714
      0.6099000000          -0.0616176285
      0.2627000000          -0.8648720787
D    5   1.00
      7.6327000000           0.1676810338
      3.2876000000          -0.3544373832
      1.4160000000          -1.0971993323
      0.6099000000           2.1174743786
      0.2627000000          -1.3378829097
F    4   1.00
      3.0582000000          -0.0106008451
      1.5292000000           0.3045834586
      0.7647000000           0.5423443185
      0.3824000000           0.2771750082
F    4   1.00
      3.0582000000          -0.0650931608
      1.5292000000           1.0317176744
      0.7647000000          -0.1626238111
      0.3824000000          -0.8090098164
F    4   1.00
      3.0582000000           0.1951425226
      1.5292000000           1.2956483139
      0.7647000000          -2.4275851350
      0.3824000000           1.5515857363
G    3   1.00
      1.8450000000           0.2029520512
      0.9657000000           0.5299781751
      0.5055000000           0.3891674581
G    3   1.00
      1.8450000000           0.8130394152
      0.9657000000           0.1918023911
      0.5055000000          -0.9147568308
****
