!----------------------------------------------------------------------
! Basis Set Exchange
! Version 0.11
! https://www.basissetexchange.org
!----------------------------------------------------------------------
!   Basis set: aug-ano-pVQZ
! Description: aug-ano-pVQZ
!        Role: orbital
!     Version: 1  (Data from supporting information)
!----------------------------------------------------------------------


F     0
S    16   1.00
 723500.0000000000           0.0000055553
 108400.0000000000           0.0000431553
  24680.0000000000           0.0002268882
   6990.0000000000           0.0009575524
   2282.0000000000           0.0034684130
    824.6000000000           0.0111796501
    321.8000000000           0.0323122990
    133.5000000000           0.0827520288
     58.1100000000           0.1797788209
     26.2800000000           0.3053815712
     12.2400000000           0.3399668832
      5.7470000000           0.1764600805
      2.3650000000           0.0211818400
      1.0710000000           0.0002018100
      0.4681000000           0.0020122870
      0.1994000000           0.0001869180
S    16   1.00
 723500.0000000000          -0.0000035518
 108400.0000000000          -0.0000797845
  24680.0000000000          -0.0000227648
   6990.0000000000          -0.0023158069
   2282.0000000000           0.0016638056
    824.6000000000          -0.0357134846
    321.8000000000           0.0326050683
    133.5000000000          -0.4351287344
     58.1100000000           0.3640164265
     26.2800000000          -3.4321625306
     12.2400000000           8.9526899439
      5.7470000000         -10.3943000143
      2.3650000000           8.7999766882
      1.0710000000          -6.5851945694
      0.4681000000           3.4934286473
      0.1994000000          -1.0678852551
S    16   1.00
 723500.0000000000           0.0000013026
 108400.0000000000           0.0000101077
  24680.0000000000           0.0000532435
   6990.0000000000           0.0002243797
   2282.0000000000           0.0008168400
    824.6000000000           0.0026390477
    321.8000000000           0.0077680664
    133.5000000000           0.0204244295
     58.1100000000           0.0477452371
     26.2800000000           0.0924737947
     12.2400000000           0.1419594377
      5.7470000000           0.1040673447
      2.3650000000          -0.1571528412
      1.0710000000          -0.4453843402
      0.4681000000          -0.4282969012
      0.1994000000          -0.1334229001
S    16   1.00
 723500.0000000000          -0.0000015812
 108400.0000000000          -0.0000123348
  24680.0000000000          -0.0000644826
   6990.0000000000          -0.0002745547
   2282.0000000000          -0.0009873826
    824.6000000000          -0.0032450794
    321.8000000000          -0.0094085579
    133.5000000000          -0.0255267961
     58.1100000000          -0.0590490461
     26.2800000000          -0.1218295932
     12.2400000000          -0.1971062346
      5.7470000000          -0.1743133493
      2.3650000000           0.8011339277
      1.0710000000           0.8433478026
      0.4681000000          -0.8437666826
      0.1994000000          -0.5565415269
S    16   1.00
 723500.0000000000          -0.0000022138
 108400.0000000000          -0.0000157194
  24680.0000000000          -0.0000939462
   6990.0000000000          -0.0003342040
   2282.0000000000          -0.0015031547
    824.6000000000          -0.0037496030
    321.8000000000          -0.0152245069
    133.5000000000          -0.0282133583
     58.1100000000          -0.1087379605
     26.2800000000          -0.1214794589
     12.2400000000          -0.5124105037
      5.7470000000           0.3089446266
      2.3650000000           2.3171309573
      1.0710000000          -2.4398848768
      0.4681000000          -0.4179981518
      0.1994000000           1.2155567456
S    16   1.00
 723500.0000000000           0.0000025151
 108400.0000000000           0.0000367989
  24680.0000000000           0.0000622450
   6990.0000000000           0.0009963313
   2282.0000000000           0.0002816193
    824.6000000000           0.0143688877
    321.8000000000          -0.0037610552
    133.5000000000           0.1493186379
     58.1100000000          -0.0610033962
     26.2800000000           1.0323431424
     12.2400000000          -0.3005012328
      5.7470000000          -3.6938473969
      2.3650000000           7.7504340882
      1.0710000000          -8.7496670172
      0.4681000000           6.0030240582
      0.1994000000          -2.1476393117
S    16   1.00
 723500.0000000000          -0.0000030341
 108400.0000000000          -0.0000146552
  24680.0000000000          -0.0001449991
   6990.0000000000          -0.0002344373
   2282.0000000000          -0.0025901950
    824.6000000000          -0.0015488021
    321.8000000000          -0.0295179695
    133.5000000000          -0.0018664288
     58.1100000000          -0.2467714274
     26.2800000000           0.1148438357
     12.2400000000          -1.6055054380
      5.7470000000           3.4154513477
      2.3650000000          -1.5618842102
      1.0710000000          -2.3284146617
      0.4681000000           4.0351162515
      0.1994000000          -2.1130982804
P    10   1.00
    660.0000000000           0.0001782292
    156.4000000000           0.0015363519
     50.6400000000           0.0081228434
     19.0800000000           0.0309453269
      7.8720000000           0.0908038263
      3.4490000000           0.1976141799
      1.5450000000           0.3005906180
      0.6864000000           0.3264224499
      0.2986000000           0.2396685264
      0.1245000000           0.0812040964
P    10   1.00
    660.0000000000           0.0002343478
    156.4000000000           0.0020724260
     50.6400000000           0.0108206813
     19.0800000000           0.0423975838
      7.8720000000           0.1252617416
      3.4490000000           0.3557554018
      1.5450000000           0.4260597814
      0.6864000000          -0.1962653428
      0.2986000000          -0.5539365531
      0.1245000000          -0.2621522640
P    10   1.00
    660.0000000000           0.0003963333
    156.4000000000           0.0033830461
     50.6400000000           0.0196902218
     19.0800000000           0.0773666944
      7.8720000000           0.2753925619
      3.4490000000           0.6855839940
      1.5450000000          -0.4987901060
      0.6864000000          -0.8786594053
      0.2986000000           0.4221537048
      0.1245000000           0.5253050835
P    10   1.00
    660.0000000000           0.0007833209
    156.4000000000           0.0037763934
     50.6400000000           0.0408246377
     19.0800000000           0.1079050538
      7.8720000000           0.7431426467
      3.4490000000          -0.0132316154
      1.5450000000          -1.6641378963
      0.6864000000           1.4008139337
      0.2986000000           0.2968198705
      0.1245000000          -0.8343002415
P    10   1.00
    660.0000000000           0.0008931184
    156.4000000000           0.0066667209
     50.6400000000           0.0517357319
     19.0800000000           0.2213078001
      7.8720000000           1.1774895748
      3.4490000000          -2.4221006342
      1.5450000000           1.4327553236
      0.6864000000           0.7673602245
      0.2986000000          -1.9617562892
      0.1245000000           1.2492503793
D    5   1.00
     10.5730000000           0.0227863167
      4.6130000000           0.1014701669
      2.0130000000           0.4106536839
      0.8780000000           0.4490885351
      0.3830000000           0.2033548260
D    5   1.00
     10.5730000000           0.0338687384
      4.6130000000           0.3932523552
      2.0130000000           0.6202921281
      0.8780000000          -0.4439737872
      0.3830000000          -0.5562789681
D    5   1.00
     10.5730000000           0.1167997625
      4.6130000000           0.9968811648
      2.0130000000          -0.7120617591
      0.8780000000          -0.7000934288
      0.3830000000           0.9713848611
D    5   1.00
     10.5730000000           0.6020249801
      4.6130000000           0.4299077088
      2.0130000000          -1.9118110935
      0.8780000000           2.2752511402
      0.3830000000          -1.2559828417
F    4   1.00
      7.5630000000           0.0256618573
      3.3300000000           0.2724334030
      1.4660000000           0.5429625432
      0.6450000000           0.3335503239
F    4   1.00
      7.5630000000           0.1447303060
      3.3300000000           0.7549044535
      1.4660000000          -0.0382875062
      0.6450000000          -0.7482248408
F    4   1.00
      7.5630000000           0.6341924326
      3.3300000000           0.3588685083
      1.4660000000          -1.3803801068
      0.6450000000           1.0661961267
G    3   1.00
      6.7350000000           0.0662405654
      2.7830000000           0.5083148884
      1.1500000000           0.5794720560
G    3   1.00
      6.7350000000           0.4041895021
      2.7830000000           0.7301306369
      1.1500000000          -0.9364647793
****
