!----------------------------------------------------------------------
! Basis Set Exchange
! Version 0.11
! https://www.basissetexchange.org
!----------------------------------------------------------------------
!   Basis set: aug-ano-pVQZ
! Description: aug-ano-pVQZ
!        Role: orbital
!     Version: 1  (Data from supporting information)
!----------------------------------------------------------------------


H     0
S    8   1.00
    402.0099000000          -0.0004429508
     60.2419600000          -0.0032507467
     13.7321700000          -0.0181152250
      3.9045050000          -0.0636329998
      1.2827090000          -0.2221636410
      0.4655440000          -0.4041047831
      0.1811200000          -0.3481081094
      0.0727910000          -0.0927213251
S    8   1.00
    402.0099000000           0.0005081779
     60.2419600000          -0.0291166591
     13.7321700000           0.0765649809
      3.9045050000          -1.9672179407
      1.2827090000           2.5936642480
      0.4655440000          -0.9960913706
      0.1811200000          -0.7436908584
      0.0727910000           0.8091653399
S    8   1.00
    402.0099000000          -0.0006083150
     60.2419600000          -0.0052483500
     13.7321700000          -0.0254171128
      3.9045050000          -0.2376406403
      1.2827090000          -1.7096583473
      0.4655440000           2.6789654303
      0.1811200000          -1.0333863147
      0.0727910000          -0.2486237019
S    8   1.00
    402.0099000000          -0.0005857917
     60.2419600000          -0.0020963443
     13.7321700000          -0.0304299021
      3.9045050000          -0.0288272025
      1.2827090000          -0.7526945634
      0.4655440000          -0.5303060000
      0.1811200000           0.9524676196
      0.0727910000           0.1944104297
P    6   1.00
      9.8800000000           0.0055312240
      3.9500000000           0.0053232428
      1.5800000000           0.1503847471
      0.6300000000           0.5829443939
      0.2500000000           0.3399470552
      0.1000000000           0.0317494051
P    6   1.00
      9.8800000000           0.0056398914
      3.9500000000          -0.4139613850
      1.5800000000          -1.1690682660
      0.6300000000           2.0680572903
      0.2500000000          -1.1105921331
      0.1000000000          -0.0342741151
P    6   1.00
      9.8800000000          -0.0280600947
      3.9500000000           0.0343704220
      1.5800000000          -0.8940158660
      0.6300000000          -0.2472687692
      0.2500000000           0.8487826893
      0.1000000000           0.0228203559
D    4   1.00
      4.0000000000           0.0022011030
      1.6000000000          -0.2782524806
      0.6400000000          -0.6650428296
      0.2600000000          -0.1748476192
D    4   1.00
      4.0000000000          -0.0539561869
      1.6000000000          -1.0523827075
      0.6400000000           0.3444118921
      0.2600000000           0.5130523143
F    3   1.00
      2.5000000000          -0.1131989913
      1.0000000000          -0.7240256973
      0.4000000000          -0.2878620704
****
