!----------------------------------------------------------------------
! Basis Set Exchange
! Version 0.11
! https://www.basissetexchange.org
!----------------------------------------------------------------------
!   Basis set: aug-ano-pVQZ
! Description: aug-ano-pVQZ
!        Role: orbital
!     Version: 1  (Data from supporting information)
!----------------------------------------------------------------------


Li     0
S    19   1.00
  70681.0000000000           0.0000053236
  13594.0000000000           0.0000323747
   3100.4000000000           0.0001879603
    826.4600000000           0.0008712219
    253.7600000000           0.0033836700
     88.4510000000           0.0110494789
     34.4930000000           0.0305955979
     14.8310000000           0.0707341149
      6.9299000000           0.1345557163
      3.4678000000           0.2069615916
      1.8316000000           0.2591085719
      1.0063000000           0.2468661567
      0.5667800000           0.1501162290
      0.3225400000           0.0448272557
      0.1827700000           0.0035755287
      0.1016400000           0.0003154609
      0.0546660000           0.0005366220
      0.0280250000           0.0004574244
      0.0134970000           0.0000471593
S    19   1.00
  70681.0000000000           0.0000080423
  13594.0000000000           0.0000490032
   3100.4000000000           0.0002842400
    826.4600000000           0.0013265029
    253.7600000000           0.0052097294
     88.4510000000           0.0179882238
     34.4930000000           0.0571974540
     14.8310000000           0.1782581630
      6.9299000000           0.4298970134
      3.4678000000           0.4508658275
      1.8316000000          -0.0371352880
      1.0063000000          -0.4872120993
      0.5667800000          -0.4627668553
      0.3225400000          -0.1601289845
      0.1827700000          -0.0116236967
      0.1016400000           0.0661103743
      0.0546660000           0.1351321962
      0.0280250000           0.1047064237
      0.0134970000           0.0116751457
S    19   1.00
  70681.0000000000           0.0000113754
  13594.0000000000           0.0000711224
   3100.4000000000           0.0004007287
    826.4600000000           0.0019573837
    253.7600000000           0.0076139906
     88.4510000000           0.0317360413
     34.4930000000           0.1342152644
     14.8310000000           0.5842277718
      6.9299000000           0.6806090172
      3.4678000000          -1.0050986104
      1.8316000000          -0.9446701880
      1.0063000000           0.0956130540
      0.5667800000           0.6974621916
      0.3225400000           0.3954658405
      0.1827700000           0.0714809958
      0.1016400000          -0.0818978750
      0.0546660000          -0.1598815920
      0.0280250000          -0.1282750162
      0.0134970000          -0.0141083238
S    19   1.00
  70681.0000000000           0.0000307249
  13594.0000000000           0.0000413500
   3100.4000000000           0.0013112041
    826.4600000000           0.0005694015
    253.7600000000           0.0353168866
     88.4510000000           0.0920510596
     34.4930000000           1.9405836032
     14.8310000000          -3.4329193931
      6.9299000000          -0.1716390596
      3.4678000000           7.3842000977
      1.8316000000         -10.5309581779
      1.0063000000           5.7720939757
      0.5667800000          -0.3945773361
      0.3225400000           0.9447298037
      0.1827700000          -2.4219434849
      0.1016400000           1.0094020147
      0.0546660000          -0.2754822034
      0.0280250000           0.3772651552
      0.0134970000           0.0020639629
S    19   1.00
  70681.0000000000           0.0000133726
  13594.0000000000           0.0000756946
   3100.4000000000           0.0004841401
    826.4600000000           0.0020812427
    253.7600000000           0.0100559267
     88.4510000000           0.0433918007
     34.4930000000           0.3064786070
     14.8310000000           1.0575659060
      6.9299000000          -1.0991833942
      3.4678000000          -1.6674164866
      1.8316000000           1.4917681732
      1.0063000000           1.0852292354
      0.5667800000           0.1520570200
      0.3225400000          -1.5061905620
      0.1827700000          -0.0611003405
      0.1016400000          -0.0181349175
      0.0546660000           0.3021729801
      0.0280250000           0.1814749968
      0.0134970000           0.0273741137
S    19   1.00
  70681.0000000000          -0.0000209168
  13594.0000000000          -0.0000571933
   3100.4000000000          -0.0008459870
    826.4600000000          -0.0013052049
    253.7600000000          -0.0202280140
     88.4510000000          -0.0456523704
     34.4930000000          -0.7994118554
     14.8310000000          -0.7272323579
      6.9299000000           4.0200032056
      3.4678000000          -3.1561321027
      1.8316000000          -1.5669083716
      1.0063000000           2.1790360368
      0.5667800000           1.8166726240
      0.3225400000          -2.1618556567
      0.1827700000          -0.2259841853
      0.1016400000          -0.0660830351
      0.0546660000           0.3161466055
      0.0280250000           0.1954713356
      0.0134970000           0.0326628905
S    19   1.00
  70681.0000000000           0.0000008577
  13594.0000000000           0.0000052160
   3100.4000000000           0.0000302866
    826.4600000000           0.0001404588
    253.7600000000           0.0005463525
     88.4510000000           0.0017918661
     34.4930000000           0.0050120074
     14.8310000000           0.0118375809
      6.9299000000           0.0233643106
      3.4678000000           0.0381867406
      1.8316000000           0.0536789047
      1.0063000000           0.0683347487
      0.5667800000           0.0749471861
      0.3225400000           0.0592482250
      0.1827700000          -0.0260749945
      0.1016400000          -0.2220432444
      0.0546660000          -0.4734515860
      0.0280250000          -0.3620754465
      0.0134970000          -0.0407343934
P    8   1.00
     28.5000000000           0.0189870192
      6.6400000000           0.3141072757
      1.9200000000           0.6617276623
      0.7700000000           0.0886066288
      0.3200000000           0.1156570486
      0.1500000000          -0.0647171322
      0.0660000000           0.0269408101
      0.0250000000          -0.0074775714
P    8   1.00
     28.5000000000           0.1124612751
      6.6400000000           0.8015336710
      1.9200000000          -0.3594255253
      0.7700000000          -0.7531033562
      0.3200000000           0.3499336264
      0.1500000000           0.3670521392
      0.0660000000           0.1710991422
      0.0250000000           0.0076593782
P    8   1.00
     28.5000000000           0.0274718905
      6.6400000000           0.3090978049
      1.9200000000           0.3225036171
      0.7700000000          -0.3787691725
      0.3200000000          -0.4329780841
      0.1500000000          -0.2896095144
      0.0660000000          -0.1054598002
      0.0250000000          -0.0091887916
P    8   1.00
     28.5000000000           0.3162589471
      6.6400000000           0.6995794345
      1.9200000000          -1.8642834564
      0.7700000000           1.8134722403
      0.3200000000          -0.2765585174
      0.1500000000          -0.2623297591
      0.0660000000          -0.2974715581
      0.0250000000           0.0140593580
D    3   1.00
      1.7500000000           1.0034973970
      0.3000000000          -0.0174235563
      0.1100000000           0.0214475965
D    3   1.00
      1.7500000000           0.3248607412
      0.3000000000          -1.1437947196
      0.1100000000           0.1481400090
D    3   1.00
      1.7500000000           0.1292421674
      0.3000000000          -0.8118034632
      0.1100000000           1.3345483126
F    2   1.00
      0.5000000000           1.1218345283
      0.2000000000          -0.2141749513
F    2   1.00
      0.5000000000           0.6415315311
      0.2000000000          -1.2744428212
****
