!----------------------------------------------------------------------
! Basis Set Exchange
! Version 0.11
! https://www.basissetexchange.org
!----------------------------------------------------------------------
!   Basis set: aug-ano-pVQZ
! Description: aug-ano-pVQZ
!        Role: orbital
!     Version: 1  (Data from supporting information)
!----------------------------------------------------------------------


P     0
S    21   1.00
5384000.0000000000           0.0000016457
 806200.0000000000           0.0000127815
 183600.0000000000           0.0000672065
  52250.0000000000           0.0002797109
  17390.0000000000           0.0009766998
   6523.0000000000           0.0029683492
   2687.0000000000           0.0081239977
   1178.0000000000           0.0209200106
    536.2000000000           0.0505590328
    251.5000000000           0.1104791033
    121.3000000000           0.2069569123
     59.8800000000           0.3047373414
     30.0500000000           0.2929523106
     15.1200000000           0.1355607116
      7.0100000000           0.0173207816
      3.4410000000          -0.0000351698
      1.7120000000           0.0008032620
      0.8337000000          -0.0002438395
      0.3912000000           0.0000987220
      0.1777000000          -0.0000512279
      0.0793900000           0.0000100911
S    20   1.00
5384000.0000000000           0.0000004469
 806200.0000000000           0.0000034695
 183600.0000000000           0.0000182569
  52250.0000000000           0.0000759386
  17390.0000000000           0.0002657236
   6523.0000000000           0.0008080453
   2687.0000000000           0.0022273283
   1178.0000000000           0.0057833199
    536.2000000000           0.0143437812
    251.5000000000           0.0327060584
    121.3000000000           0.0673715266
     59.8800000000           0.1176471371
     30.0500000000           0.1572798118
     15.1200000000           0.0838541752
      7.0100000000          -0.1997171854
      3.4410000000          -0.4986030336
      1.7120000000          -0.3898171231
      0.8337000000          -0.0743425810
      0.3912000000          -0.0007367752
      0.1777000000          -0.0009261894
S    21   1.00
5384000.0000000000           0.0000005752
 806200.0000000000           0.0000078185
 183600.0000000000           0.0000154776
  52250.0000000000           0.0002087448
  17390.0000000000           0.0000595546
   6523.0000000000           0.0028879224
   2687.0000000000          -0.0016417375
   1178.0000000000           0.0265213845
    536.2000000000          -0.0218241056
    251.5000000000           0.1886630349
    121.3000000000          -0.1794735652
     59.8800000000           0.9923746460
     30.0500000000          -1.0563507063
     15.1200000000           1.8958715377
      7.0100000000          -8.3341200374
      3.4410000000          15.8984937559
      1.7120000000         -17.1640446192
      0.8337000000          12.6328444723
      0.3912000000          -7.1013403262
      0.1777000000           3.0798066650
      0.0793900000          -0.7985324261
S    21   1.00
5384000.0000000000           0.0000001233
 806200.0000000000           0.0000009570
 183600.0000000000           0.0000050356
  52250.0000000000           0.0000209489
  17390.0000000000           0.0000732948
   6523.0000000000           0.0002229871
   2687.0000000000           0.0006147004
   1178.0000000000           0.0015982748
    536.2000000000           0.0039699165
    251.5000000000           0.0090937104
    121.3000000000           0.0188701405
     59.8800000000           0.0335159167
     30.0500000000           0.0461471119
     15.1200000000           0.0256075836
      7.0100000000          -0.0673395749
      3.4410000000          -0.2038094414
      1.7120000000          -0.2883032752
      0.8337000000          -0.0407361705
      0.3912000000           0.4713076887
      0.1777000000           0.5659660071
      0.0793900000           0.1702693605
S    21   1.00
5384000.0000000000           0.0000004516
 806200.0000000000           0.0000028765
 183600.0000000000           0.0000199557
  52250.0000000000           0.0000559284
  17390.0000000000           0.0003218581
   6523.0000000000           0.0004722209
   2687.0000000000           0.0031167633
   1178.0000000000           0.0023747485
    536.2000000000           0.0228231977
    251.5000000000           0.0088299263
    121.3000000000           0.1324114254
     59.8800000000          -0.0156006277
     30.0500000000           0.5507809622
     15.1200000000          -0.8183687762
      7.0100000000           0.8389700154
      3.4410000000          -5.3805150967
      1.7120000000          12.5600731183
      0.8337000000         -15.2155529802
      0.3912000000          12.1366860020
      0.1777000000          -6.7569830682
      0.0793900000           2.0875223450
S    21   1.00
5384000.0000000000           0.0000001526
 806200.0000000000           0.0000011946
 183600.0000000000           0.0000062114
  52250.0000000000           0.0000262588
  17390.0000000000           0.0000899315
   6523.0000000000           0.0002814550
   2687.0000000000           0.0007481310
   1178.0000000000           0.0020348735
    536.2000000000           0.0048018560
    251.5000000000           0.0117025222
    121.3000000000           0.0226723683
     59.8800000000           0.0443417480
     30.0500000000           0.0542824195
     15.1200000000           0.0413471455
      7.0100000000          -0.1274586979
      3.4410000000          -0.2161431174
      1.7120000000          -0.5952197935
      0.8337000000           0.3712623750
      0.3912000000           1.7272055910
      0.1777000000          -0.8075089899
      0.0793900000          -0.8027687020
S    21   1.00
5384000.0000000000          -0.0000003487
 806200.0000000000          -0.0000023248
 183600.0000000000          -0.0000151631
  52250.0000000000          -0.0000466071
  17390.0000000000          -0.0002397638
   6523.0000000000          -0.0004210720
   2687.0000000000          -0.0022627945
   1178.0000000000          -0.0023966118
    536.2000000000          -0.0161768744
    251.5000000000          -0.0105739287
    121.3000000000          -0.0899977549
     59.8800000000          -0.0105759693
     30.0500000000          -0.3395797314
     15.1200000000           0.3395149878
      7.0100000000          -0.1528101726
      3.4410000000           2.0754864980
      1.7120000000          -1.9740350030
      0.8337000000          -2.9263787651
      0.3912000000           7.0501965798
      0.1777000000          -6.3490572177
      0.0793900000           2.5477771003
S    21   1.00
5384000.0000000000           0.0000002017
 806200.0000000000           0.0000015901
 183600.0000000000           0.0000081822
  52250.0000000000           0.0000350779
  17390.0000000000           0.0001179139
   6523.0000000000           0.0003782505
   2687.0000000000           0.0009740148
   1178.0000000000           0.0027560811
    536.2000000000           0.0062251053
    251.5000000000           0.0160328102
    121.3000000000           0.0293865348
     59.8800000000           0.0624183676
     30.0500000000           0.0694862147
     15.1200000000           0.0623982686
      7.0100000000          -0.2222763088
      3.4410000000          -0.3277686050
      1.7120000000          -1.2659961520
      0.8337000000           3.3580397583
      0.3912000000          -1.0193956105
      0.1777000000          -2.4607237219
      0.0793900000           1.9996496274
P    14   1.00
   4552.0000000000           0.0000519530
   1078.0000000000           0.0004604024
    350.1000000000           0.0026208164
    133.8000000000           0.0111872441
     56.5200000000           0.0378228974
     25.5800000000           0.1021163975
     12.1400000000           0.2103137453
      5.9020000000           0.3173823797
      2.9100000000           0.3271640365
      1.4350000000           0.1776869820
      0.6570000000           0.0293588218
      0.3005000000          -0.0000752283
      0.1340000000           0.0006795891
      0.0578300000          -0.0001259461
P    14   1.00
   4552.0000000000           0.0000125053
   1078.0000000000           0.0001106415
    350.1000000000           0.0006324495
    133.8000000000           0.0027051340
     56.5200000000           0.0092564586
     25.5800000000           0.0254006335
     12.1400000000           0.0537628786
      5.9020000000           0.0825945281
      2.9100000000           0.0926223095
      1.4350000000           0.0309116256
      0.6570000000          -0.1930952447
      0.3005000000          -0.4363625520
      0.1340000000          -0.4008800592
      0.0578300000          -0.1220492925
P    14   1.00
   4552.0000000000           0.0000561663
   1078.0000000000           0.0003082340
    350.1000000000           0.0028517349
    133.8000000000           0.0078827196
     56.5200000000           0.0443929003
     25.5800000000           0.0764746347
     12.1400000000           0.3087334849
      5.9020000000           0.0828942509
      2.9100000000           0.6641373643
      1.4350000000          -2.8057807693
      0.6570000000           2.7468974888
      0.3005000000          -0.5912657300
      0.1340000000          -1.1582810042
      0.0578300000           1.0097718307
P    14   1.00
   4552.0000000000           0.0000299529
   1078.0000000000           0.0001996742
    350.1000000000           0.0015148645
    133.8000000000           0.0049567751
     56.5200000000           0.0226188204
     25.5800000000           0.0452278279
     12.1400000000           0.1495691160
      5.9020000000           0.1160589965
      2.9100000000           0.3290175161
      1.4350000000          -0.3924085811
      0.6570000000          -1.5315937173
      0.3005000000           1.9633920738
      0.1340000000          -0.1686624408
      0.0578300000          -0.7134121876
P    14   1.00
   4552.0000000000           0.0000155755
   1078.0000000000           0.0001422935
    350.1000000000           0.0007886088
    133.8000000000           0.0034835891
     56.5200000000           0.0115313768
     25.5800000000           0.0327400156
     12.1400000000           0.0676387623
      5.9020000000           0.1100021755
      2.9100000000           0.1118379956
      1.4350000000           0.1082446644
      0.6570000000          -0.6884915103
      0.3005000000          -0.5895119846
      0.1340000000           0.7746977189
      0.0578300000           0.4128842454
P    14   1.00
   4552.0000000000          -0.0000028536
   1078.0000000000           0.0009106254
    350.1000000000           0.0000071633
    133.8000000000           0.0228386338
     56.5200000000           0.0023516486
     25.5800000000           0.2584507587
     12.1400000000          -0.0995221699
      5.9020000000           1.1168940458
      2.9100000000          -2.0734160601
      1.4350000000           0.4251541318
      0.6570000000           2.3420018914
      0.3005000000          -3.9438213549
      0.1340000000           3.5800797747
      0.0578300000          -1.6759567791
D    5   1.00
      4.3008000000          -0.2223931346
      1.8346000000           2.0202642221
      0.7826000000          -2.3578345980
      0.3339000000           1.5825697189
      0.1424000000          -0.6643129685
D    5   1.00
      4.3008000000           0.0212636418
      1.8346000000           0.0188050678
      0.7826000000           0.2647976295
      0.3339000000           0.5535103472
      0.1424000000           0.3004340001
D    5   1.00
      4.3008000000          -0.0010126574
      1.8346000000          -0.1034761325
      0.7826000000           0.8914468081
      0.3339000000           0.0694034624
      0.1424000000          -0.9131456221
D    5   1.00
      4.3008000000           0.1662643841
      1.8346000000          -0.2628110281
      0.7826000000          -1.2405545362
      0.3339000000           2.1430295520
      0.1424000000          -1.2992715303
F    4   1.00
      1.8160000000          -0.0126043063
      0.8806000000           0.2459544396
      0.4270000000           0.5491262846
      0.2070000000           0.3363334805
F    4   1.00
      1.8160000000          -0.1293028215
      0.8806000000           1.0375543791
      0.4270000000          -0.0626232880
      0.2070000000          -0.8172580019
F    4   1.00
      1.8160000000           0.1682587235
      0.8806000000           1.2908459228
      0.4270000000          -2.2764449884
      0.2070000000           1.4290232905
G    3   1.00
      1.0616000000           0.1652146006
      0.5791000000           0.5536664228
      0.3159000000           0.3814824084
G    3   1.00
      1.0616000000           0.8451682647
      0.5791000000           0.2026595228
      0.3159000000          -0.9435213218
****
