!----------------------------------------------------------------------
! Basis Set Exchange
! Version 0.11
! https://www.basissetexchange.org
!----------------------------------------------------------------------
!   Basis set: aug-ano-pVQZ
! Description: aug-ano-pVQZ
!        Role: orbital
!     Version: 1  (Data from supporting information)
!----------------------------------------------------------------------


Si     0
S    21   1.00
4465000.0000000000           0.0000017473
 668500.0000000000           0.0000135737
 152200.0000000000           0.0000714074
  43300.0000000000           0.0002972583
  14410.0000000000           0.0010382833
   5394.0000000000           0.0031746754
   2212.0000000000           0.0087324958
    968.1000000000           0.0223831560
    441.2000000000           0.0537277388
    207.1000000000           0.1166496266
     99.8000000000           0.2159801909
     49.2400000000           0.3095683722
     24.7400000000           0.2839493584
     12.4700000000           0.1222386085
      5.7950000000           0.0141879507
      2.8300000000           0.0002860923
      1.4070000000           0.0005809654
      0.6995000000          -0.0001362624
      0.3083000000           0.0001132324
      0.1385000000           0.0000583027
      0.0614500000           0.0000334760
S    21   1.00
4465000.0000000000           0.0000004656
 668500.0000000000           0.0000036154
 152200.0000000000           0.0000190351
  43300.0000000000           0.0000791894
  14410.0000000000           0.0002772083
   5394.0000000000           0.0008481095
   2212.0000000000           0.0023503240
    968.1000000000           0.0060769746
    441.2000000000           0.0149870123
    207.1000000000           0.0340090641
     99.8000000000           0.0695329490
     49.2400000000           0.1191292035
     24.7400000000           0.1538141850
     12.4700000000           0.0705550699
      5.7950000000          -0.2133828413
      2.8300000000          -0.4923372859
      1.4070000000          -0.3795188177
      0.6995000000          -0.0760495636
      0.3083000000           0.0002918897
      0.1385000000           0.0022699407
      0.0614500000           0.0007920933
S    21   1.00
4465000.0000000000           0.0000006157
 668500.0000000000           0.0000080285
 152200.0000000000           0.0000174098
  43300.0000000000           0.0002122198
  14410.0000000000           0.0000945251
   5394.0000000000           0.0029058009
   2212.0000000000          -0.0012424918
    968.1000000000           0.0267166987
    441.2000000000          -0.0193379414
    207.1000000000           0.1893239628
     99.8000000000          -0.1668544193
     49.2400000000           0.9698027678
     24.7400000000          -1.0446016696
     12.4700000000           1.8329771776
      5.7950000000          -8.1108542675
      2.8300000000          15.4957487788
      1.4070000000         -16.7042825028
      0.6995000000          11.5759285273
      0.3083000000          -5.9915409509
      0.1385000000           2.7376791546
      0.0614500000          -0.7357170929
S    21   1.00
4465000.0000000000           0.0000001174
 668500.0000000000           0.0000009117
 152200.0000000000           0.0000047979
  43300.0000000000           0.0000199725
  14410.0000000000           0.0000698666
   5394.0000000000           0.0002140131
   2212.0000000000           0.0005925740
    968.1000000000           0.0015361117
    441.2000000000           0.0037888605
    207.1000000000           0.0086522181
     99.8000000000           0.0177881630
     49.2400000000           0.0310894097
     24.7400000000           0.0411817036
     12.4700000000           0.0198252138
      5.7950000000          -0.0661548777
      2.8300000000          -0.1800558890
      1.4070000000          -0.2586501325
      0.6995000000          -0.0634512383
      0.3083000000           0.4458147628
      0.1385000000           0.5867135228
      0.0614500000           0.1713355928
S    21   1.00
4465000.0000000000           0.0000004738
 668500.0000000000           0.0000029353
 152200.0000000000           0.0000211525
  43300.0000000000           0.0000559903
  14410.0000000000           0.0003448376
   5394.0000000000           0.0004573102
   2212.0000000000           0.0034126648
    968.1000000000           0.0020435991
    441.2000000000           0.0251655648
    207.1000000000           0.0056352762
     99.8000000000           0.1458693476
     49.2400000000          -0.0443629792
     24.7400000000           0.5983403530
     12.4700000000          -0.9238805279
      5.7950000000           1.0310610659
      2.8300000000          -5.6520587428
      1.4070000000          12.7286263638
      0.6995000000         -14.1382867718
      0.3083000000          10.5710586131
      0.1385000000          -6.1628328409
      0.0614500000           1.9647977342
S    21   1.00
4465000.0000000000           0.0000001544
 668500.0000000000           0.0000012097
 152200.0000000000           0.0000062868
  43300.0000000000           0.0000266189
  14410.0000000000           0.0000910384
   5394.0000000000           0.0002872714
   2212.0000000000           0.0007656291
    968.1000000000           0.0020810559
    441.2000000000           0.0048593425
    207.1000000000           0.0118522651
     99.8000000000           0.0226106642
     49.2400000000           0.0438278795
     24.7400000000           0.0504887020
     12.4700000000           0.0362050687
      5.7950000000          -0.1270928643
      2.8300000000          -0.2001256711
      1.4070000000          -0.5742179324
      0.6995000000           0.3055779655
      0.3083000000           1.7987083339
      0.1385000000          -0.8746987215
      0.0614500000          -0.7519397942
S    21   1.00
4465000.0000000000          -0.0000003457
 668500.0000000000          -0.0000023141
 152200.0000000000          -0.0000150206
  43300.0000000000          -0.0000465539
  14410.0000000000          -0.0002370515
   5394.0000000000          -0.0004276750
   2212.0000000000          -0.0022524769
    968.1000000000          -0.0024477229
    441.2000000000          -0.0160183300
    207.1000000000          -0.0107202959
     99.8000000000          -0.0881864960
     49.2400000000          -0.0080984289
     24.7400000000          -0.3220368958
     12.4700000000           0.3384022838
      5.7950000000          -0.1669423517
      2.8300000000           1.9646361142
      1.4070000000          -1.7004680150
      0.6995000000          -2.8361090797
      0.3083000000           6.6175217647
      0.1385000000          -6.1480922278
      0.0614500000           2.5299605620
S    21   1.00
4465000.0000000000           0.0000002050
 668500.0000000000           0.0000016473
 152200.0000000000           0.0000082479
  43300.0000000000           0.0000367054
  14410.0000000000           0.0001174087
   5394.0000000000           0.0004040679
   2212.0000000000           0.0009612055
    968.1000000000           0.0030005173
    441.2000000000           0.0059515591
    207.1000000000           0.0175729444
     99.8000000000           0.0267914016
     49.2400000000           0.0691625792
     24.7400000000           0.0504674095
     12.4700000000           0.0844721410
      5.7950000000          -0.2942164003
      2.8300000000          -0.1272357349
      1.4070000000          -1.5982515759
      0.6995000000           3.5088049039
      0.3083000000          -1.0992028759
      0.1385000000          -2.2412805449
      0.0614500000           1.9071138893
P    14   1.00
   3572.0000000000           0.0000598101
    846.0000000000           0.0005290197
    274.8000000000           0.0029927264
    105.0000000000           0.0126203482
     44.3500000000           0.0418585003
     20.0800000000           0.1101297267
      9.5300000000           0.2185746699
      4.6340000000           0.3174806034
      2.2800000000           0.3193308887
      1.1160000000           0.1714145959
      0.4991000000           0.0272061913
      0.2254000000          -0.0003246500
      0.1001000000           0.0008254369
      0.0433200000          -0.0001201983
P    14   1.00
   3572.0000000000           0.0000130489
    846.0000000000           0.0001153341
    274.8000000000           0.0006545621
    105.0000000000           0.0027679638
     44.3500000000           0.0092817285
     20.0800000000           0.0248181605
      9.5300000000           0.0504241847
      4.6340000000           0.0744168937
      2.2800000000           0.0817489341
      1.1160000000           0.0308043509
      0.4991000000          -0.1781724925
      0.2254000000          -0.4297428083
      0.1001000000          -0.4115302182
      0.0433200000          -0.1316751465
P    14   1.00
   3572.0000000000           0.0000622747
    846.0000000000           0.0002981073
    274.8000000000           0.0031335729
    105.0000000000           0.0074308334
     44.3500000000           0.0472059608
     20.0800000000           0.0640128696
      9.5300000000           0.3184040413
      4.6340000000           0.0021590931
      2.2800000000           0.8136898971
      1.1160000000          -2.7898873543
      0.4991000000           2.4751646946
      0.2254000000          -0.3192064050
      0.1001000000          -1.2987258366
      0.0433200000           1.0435997897
P    14   1.00
   3572.0000000000           0.0000300647
    846.0000000000           0.0002019631
    274.8000000000           0.0015081670
    105.0000000000           0.0048865849
     44.3500000000           0.0217118781
     20.0800000000           0.0416318863
      9.5300000000           0.1359243112
      4.6340000000           0.0944419852
      2.2800000000           0.3177488798
      1.1160000000          -0.2729942959
      0.4991000000          -1.6466097242
      0.2254000000           1.9401066733
      0.1001000000          -0.0999669875
      0.0433200000          -0.7318449301
P    14   1.00
   3572.0000000000           0.0000157401
    846.0000000000           0.0001447401
    274.8000000000           0.0007900959
    105.0000000000           0.0034753084
     44.3500000000           0.0111422064
     20.0800000000           0.0310943218
      9.5300000000           0.0607776749
      4.6340000000           0.0978451850
      2.2800000000           0.0962138762
      1.1160000000           0.1239530560
      0.4991000000          -0.6357752212
      0.2254000000          -0.6602065294
      0.1001000000           0.7632107906
      0.0433200000           0.4370191772
P    14   1.00
   3572.0000000000           0.0000055239
    846.0000000000           0.0009566555
    274.8000000000           0.0004046009
    105.0000000000           0.0237323244
     44.3500000000           0.0072463936
     20.0800000000           0.2590642982
      9.5300000000          -0.0877414992
      4.6340000000           1.0771118343
      2.2800000000          -1.9144370414
      1.1160000000           0.1928359176
      0.4991000000           2.4202626917
      0.2254000000          -3.8836056243
      0.1001000000           3.5117044309
      0.0433200000          -1.6444953942
D    5   1.00
      3.2386000000          -0.3045303882
      1.3767000000           2.1030436739
      0.5853000000          -2.3877144249
      0.2488000000           1.5758056804
      0.1058000000          -0.6476148127
D    5   1.00
      3.2386000000           0.0197751361
      1.3767000000           0.0150954672
      0.5853000000           0.2572361186
      0.2488000000           0.5560472315
      0.1058000000           0.3081147567
D    5   1.00
      3.2386000000           0.0047324796
      1.3767000000          -0.0963416463
      0.5853000000           0.8702035508
      0.2488000000           0.1002739841
      0.1058000000          -0.9214189416
D    5   1.00
      3.2386000000           0.1826697999
      1.3767000000          -0.2556745838
      0.5853000000          -1.2568462485
      0.2488000000           2.1380574564
      0.1058000000          -1.2919640141
F    4   1.00
      1.3510000000          -0.0131724073
      0.6600000000           0.2474597385
      0.3225000000           0.5293164377
      0.1575000000           0.3562072296
F    4   1.00
      1.3510000000          -0.1217142136
      0.6600000000           1.0424299530
      0.3225000000          -0.0608198030
      0.1575000000          -0.8151146153
F    4   1.00
      1.3510000000           0.2314872032
      0.6600000000           1.2189666613
      0.3225000000          -2.2556386924
      0.1575000000           1.4229734280
G    3   1.00
      0.8528000000           0.1359398702
      0.4631000000           0.5530308051
      0.2515000000           0.4077749940
G    3   1.00
      0.8528000000           0.7726675764
      0.4631000000           0.3366840354
      0.2515000000          -0.9956000887
****
