!----------------------------------------------------------------------
! Basis Set Exchange
! Version 0.11
! https://www.basissetexchange.org
!----------------------------------------------------------------------
!   Basis set: cc-pVDZ
! Description: cc-pVDZ
!        Role: orbital
!     Version: 1  (Data from ccRepo/Grant Hill)
!----------------------------------------------------------------------


Cl     0
S    12   1.00
      1.279000D+05           2.411530D-04
      1.917000D+04           1.870950D-03
      4.363000D+03           9.708270D-03
      1.236000D+03           3.931530D-02
      4.036000D+02           1.259320D-01
      1.457000D+02           2.993410D-01
      5.681000D+01           4.218860D-01
      2.323000D+01           2.372010D-01
      6.644000D+00           1.915310D-02
      2.575000D+00          -3.347920D-03
      5.371000D-01           9.298830D-04
      1.938000D-01          -3.963790D-04
S    12   1.00
      1.279000D+05          -6.789220D-05
      1.917000D+04          -5.218360D-04
      4.363000D+03          -2.765130D-03
      1.236000D+03          -1.115370D-02
      4.036000D+02          -3.859190D-02
      1.457000D+02          -9.948480D-02
      5.681000D+01          -2.013920D-01
      2.323000D+01          -1.303130D-01
      6.644000D+00           5.094430D-01
      2.575000D+00           6.107250D-01
      5.371000D-01           4.215490D-02
      1.938000D-01          -9.234270D-03
S    12   1.00
      1.279000D+05           2.049860D-05
      1.917000D+04           1.582980D-04
      4.363000D+03           8.336390D-04
      1.236000D+03           3.398800D-03
      4.036000D+02           1.167380D-02
      1.457000D+02           3.096220D-02
      5.681000D+01           6.295330D-02
      2.323000D+01           4.602570D-02
      6.644000D+00          -2.193120D-01
      2.575000D+00          -4.087730D-01
      5.371000D-01           6.384650D-01
      1.938000D-01           5.623620D-01
S    1   1.00
      1.938000D-01           1.000000D+00
P    8   1.00
      4.176000D+02           5.259820D-03
      9.833000D+01           3.983320D-02
      3.104000D+01           1.646550D-01
      1.119000D+01           3.873220D-01
      4.249000D+00           4.570720D-01
      1.624000D+00           1.516360D-01
      5.322000D-01           1.816150D-03
      1.620000D-01           1.882960D-03
P    8   1.00
      4.176000D+02          -1.435700D-03
      9.833000D+01          -1.077960D-02
      3.104000D+01          -4.700750D-02
      1.119000D+01          -1.110300D-01
      4.249000D+00          -1.532750D-01
      1.624000D+00           8.946090D-02
      5.322000D-01           5.794440D-01
      1.620000D-01           4.832720D-01
P    1   1.00
      1.620000D-01           1.000000D+00
D    1   1.00
      6.000000D-01           1.0000000
****
