!----------------------------------------------------------------------
! Basis Set Exchange
! Version 0.11
! https://www.basissetexchange.org
!----------------------------------------------------------------------
!   Basis set: cc-pVDZ
! Description: cc-pVDZ
!        Role: orbital
!     Version: 1  (Data from ccRepo/Grant Hill)
!----------------------------------------------------------------------


Mg     0
S    12   1.00
      4.739000D+04           3.460230D-04
      7.108000D+03           2.680770D-03
      1.618000D+03           1.383670D-02
      4.584000D+02           5.517670D-02
      1.493000D+02           1.696600D-01
      5.359000D+01           3.647030D-01
      2.070000D+01           4.068560D-01
      8.384000D+00           1.350890D-01
      2.542000D+00           4.908840D-03
      8.787000D-01           2.864600D-04
      1.077000D-01           2.645900D-05
      3.999000D-02          -1.127080D-05
S    12   1.00
      4.739000D+04          -8.778390D-05
      7.108000D+03          -6.747250D-04
      1.618000D+03          -3.556030D-03
      4.584000D+02          -1.421540D-02
      1.493000D+02          -4.767480D-02
      5.359000D+01          -1.148920D-01
      2.070000D+01          -2.006760D-01
      8.384000D+00          -3.412240D-02
      2.542000D+00           5.704540D-01
      8.787000D-01           5.423090D-01
      1.077000D-01           2.181280D-02
      3.999000D-02          -8.277000D-03
S    12   1.00
      4.739000D+04           1.696280D-05
      7.108000D+03           1.298650D-04
      1.618000D+03           6.888310D-04
      4.584000D+02           2.735330D-03
      1.493000D+02           9.312240D-03
      5.359000D+01           2.232650D-02
      2.070000D+01           4.111950D-02
      8.384000D+00           5.456420D-03
      2.542000D+00          -1.340120D-01
      8.787000D-01          -2.561760D-01
      1.077000D-01           6.058560D-01
      3.999000D-02           5.094460D-01
S    1   1.00
      3.999000D-02           1.000000D+00
P    8   1.00
      1.799000D+02           5.381610D-03
      4.214000D+01           3.924180D-02
      1.313000D+01           1.574450D-01
      4.628000D+00           3.585350D-01
      1.670000D+00           4.572260D-01
      5.857000D-01           2.159180D-01
      1.311000D-01           6.649480D-03
      4.112000D-02          -1.253040D-04
P    8   1.00
      1.799000D+02          -8.659480D-04
      4.214000D+01          -6.159780D-03
      1.313000D+01          -2.615190D-02
      4.628000D+00          -5.706470D-02
      1.670000D+00          -8.739060D-02
      5.857000D-01          -1.229900D-02
      1.311000D-01           5.020850D-01
      4.112000D-02           5.972450D-01
P    1   1.00
      4.112000D-02           1.000000D+00
D    1   1.00
      1.932000D-01           1.0000000
****
