!----------------------------------------------------------------------
! Basis Set Exchange
! Version 0.11
! https://www.basissetexchange.org
!----------------------------------------------------------------------
!   Basis set: cc-pVDZ
! Description: cc-pVDZ
!        Role: orbital
!     Version: 1  (Data from ccRepo/Grant Hill)
!----------------------------------------------------------------------


P     0
S    12   1.00
      9.484000D+04           2.555090D-04
      1.422000D+04           1.981930D-03
      3.236000D+03           1.027600D-02
      9.171000D+02           4.148230D-02
      2.995000D+02           1.319840D-01
      1.081000D+02           3.086620D-01
      4.218000D+01           4.206470D-01
      1.728000D+01           2.228780D-01
      4.858000D+00           1.640350D-02
      1.818000D+00          -2.542550D-03
      3.372000D-01           7.480500D-04
      1.232000D-01          -3.309630D-04
S    12   1.00
      9.484000D+04          -6.969390D-05
      1.422000D+04          -5.352660D-04
      3.236000D+03          -2.837090D-03
      9.171000D+02          -1.139830D-02
      2.995000D+02          -3.929290D-02
      1.081000D+02          -9.963640D-02
      4.218000D+01          -1.979830D-01
      1.728000D+01          -1.148600D-01
      4.858000D+00           5.185950D-01
      1.818000D+00           6.018470D-01
      3.372000D-01           3.686120D-02
      1.232000D-01          -9.707590D-03
S    12   1.00
      9.484000D+04           1.911990D-05
      1.422000D+04           1.472230D-04
      3.236000D+03           7.779120D-04
      9.171000D+02           3.145460D-03
      2.995000D+02           1.082000D-02
      1.081000D+02           2.799570D-02
      4.218000D+01           5.639780D-02
      1.728000D+01           3.581900D-02
      4.858000D+00          -1.933870D-01
      1.818000D+00          -3.720970D-01
      3.372000D-01           6.242460D-01
      1.232000D-01           5.517210D-01
S    1   1.00
      1.232000D-01           1.000000D+00
P    8   1.00
      3.705000D+02           3.950050D-03
      8.733000D+01           3.024920D-02
      2.759000D+01           1.295540D-01
      1.000000D+01           3.275940D-01
      3.825000D+00           4.569920D-01
      1.494000D+00           2.530860D-01
      3.921000D-01           1.687980D-02
      1.186000D-01          -2.070930D-03
P    8   1.00
      3.705000D+02          -9.598320D-04
      8.733000D+01          -7.111770D-03
      2.759000D+01          -3.271220D-02
      1.000000D+01          -7.957840D-02
      3.825000D+00          -1.350160D-01
      1.494000D+00          -9.105850D-03
      3.921000D-01           5.378020D-01
      1.186000D-01           5.690660D-01
P    1   1.00
      1.186000D-01           1.000000D+00
D    1   1.00
      3.730000D-01           1.0000000
****
