!----------------------------------------------------------------------
! Basis Set Exchange
! Version 0.11
! https://www.basissetexchange.org
!----------------------------------------------------------------------
!   Basis set: cc-pVDZ
! Description: cc-pVDZ
!        Role: orbital
!     Version: 1  (Data from ccRepo/Grant Hill)
!----------------------------------------------------------------------


S     0
S    12   1.00
      1.108000D+05           2.476350D-04
      1.661000D+04           1.920260D-03
      3.781000D+03           9.961920D-03
      1.071000D+03           4.029750D-02
      3.498000D+02           1.286040D-01
      1.263000D+02           3.034800D-01
      4.926000D+01           4.214320D-01
      2.016000D+01           2.307810D-01
      5.720000D+00           1.789710D-02
      2.182000D+00          -2.975160D-03
      4.327000D-01           8.495220D-04
      1.570000D-01          -3.679360D-04
S    12   1.00
      1.108000D+05          -6.870390D-05
      1.661000D+04          -5.276810D-04
      3.781000D+03          -2.796710D-03
      1.071000D+03          -1.126510D-02
      3.498000D+02          -3.888340D-02
      1.263000D+02          -9.950250D-02
      4.926000D+01          -1.997400D-01
      2.016000D+01          -1.233600D-01
      5.720000D+00           5.131940D-01
      2.182000D+00           6.071200D-01
      4.327000D-01           3.967530D-02
      1.570000D-01          -9.468640D-03
S    12   1.00
      1.108000D+05           1.990770D-05
      1.661000D+04           1.534830D-04
      3.781000D+03           8.095030D-04
      1.071000D+03           3.289740D-03
      3.498000D+02           1.129670D-02
      1.263000D+02           2.963850D-02
      4.926000D+01           5.998510D-02
      2.016000D+01           4.132480D-02
      5.720000D+00          -2.074740D-01
      2.182000D+00          -3.928890D-01
      4.327000D-01           6.328400D-01
      1.570000D-01           5.569240D-01
S    1   1.00
      1.570000D-01           1.000000D+00
P    8   1.00
      3.997000D+02           4.475410D-03
      9.419000D+01           3.417080D-02
      2.975000D+01           1.442500D-01
      1.077000D+01           3.539280D-01
      4.119000D+00           4.590850D-01
      1.625000D+00           2.063830D-01
      4.726000D-01           1.021410D-02
      1.407000D-01          -6.031220D-05
P    8   1.00
      3.997000D+02          -1.162510D-03
      9.419000D+01          -8.656640D-03
      2.975000D+01          -3.908860D-02
      1.077000D+01          -9.346250D-02
      4.119000D+00          -1.479940D-01
      1.625000D+00           3.019040D-02
      4.726000D-01           5.615730D-01
      1.407000D-01           5.347760D-01
P    1   1.00
      1.407000D-01           1.000000D+00
D    1   1.00
      4.790000D-01           1.0000000
****
