!----------------------------------------------------------------------
! Basis Set Exchange
! Version 0.11
! https://www.basissetexchange.org
!----------------------------------------------------------------------
!   Basis set: cc-pVDZ
! Description: cc-pVDZ
!        Role: orbital
!     Version: 1  (Data from ccRepo/Grant Hill)
!----------------------------------------------------------------------


Si     0
S    12   1.00
      7.886000D+04           2.704430D-04
      1.182000D+04           2.097170D-03
      2.692000D+03           1.085060D-02
      7.634000D+02           4.367540D-02
      2.496000D+02           1.376530D-01
      9.028000D+01           3.166440D-01
      3.529000D+01           4.185810D-01
      1.451000D+01           2.102120D-01
      4.053000D+00           1.449520D-02
      1.482000D+00          -2.035900D-03
      2.517000D-01           6.241860D-04
      9.243000D-02          -2.828720D-04
S    12   1.00
      7.886000D+04          -7.231770D-05
      1.182000D+04          -5.551160D-04
      2.692000D+03          -2.938050D-03
      7.634000D+02          -1.176870D-02
      2.496000D+02          -4.029070D-02
      9.028000D+01          -1.006090D-01
      3.529000D+01          -1.965280D-01
      1.451000D+01          -1.023820D-01
      4.053000D+00           5.271900D-01
      1.482000D+00           5.932510D-01
      2.517000D-01           3.326520D-02
      9.243000D-02          -9.736620D-03
S    12   1.00
      7.886000D+04           1.851130D-05
      1.182000D+04           1.422360D-04
      2.692000D+03           7.521850D-04
      7.634000D+02           3.022790D-03
      2.496000D+02           1.036770D-02
      9.028000D+01           2.625630D-02
      3.529000D+01           5.239890D-02
      1.451000D+01           2.909590D-02
      4.053000D+00          -1.780030D-01
      1.482000D+00          -3.468740D-01
      2.517000D-01           6.230200D-01
      9.243000D-02           5.377120D-01
S    1   1.00
      9.243000D-02           1.000000D+00
P    8   1.00
      3.159000D+02           3.926560D-03
      7.442000D+01           2.988110D-02
      2.348000D+01           1.272120D-01
      8.488000D+00           3.209430D-01
      3.217000D+00           4.554290D-01
      1.229000D+00           2.685630D-01
      2.964000D-01           1.883360D-02
      8.768000D-02          -2.624310D-03
P    8   1.00
      3.159000D+02          -8.583020D-04
      7.442000D+01          -6.303280D-03
      2.348000D+01          -2.882550D-02
      8.488000D+00          -6.945600D-02
      3.217000D+00          -1.194930D-01
      1.229000D+00          -1.995810D-02
      2.964000D-01           5.102680D-01
      8.768000D-02           6.003820D-01
P    1   1.00
      8.768000D-02           1.000000D+00
D    1   1.00
      2.750000D-01           1.0000000
****
