!----------------------------------------------------------------------
! Basis Set Exchange
! Version 0.11
! https://www.basissetexchange.org
!----------------------------------------------------------------------
!   Basis set: aug-cc-pVTZ
! Description: aug-cc-pVTZ
!        Role: orbital
!     Version: 1  (Data from ccRepo/Grant Hill)
!----------------------------------------------------------------------


Ar     0
S    15   1.00
      5.450000D+05           4.558280D-05
      8.164000D+04           3.541080D-04
      1.858000D+04           1.857970D-03
      5.261000D+03           7.768510D-03
      1.717000D+03           2.742320D-02
      6.199000D+02           8.238360D-02
      2.416000D+02           2.012300D-01
      9.979000D+01           3.567810D-01
      4.315000D+01           3.495630D-01
      1.914000D+01           1.182660D-01
      7.488000D+00           5.601900D-03
      3.205000D+00           4.834730D-04
      1.196000D+00          -1.480850D-04
      5.204000D-01           2.920250D-05
      1.954000D-01          -2.316040D-05
S    15   1.00
      5.450000D+05          -1.295510D-05
      8.164000D+04          -1.004280D-04
      1.858000D+04          -5.295830D-04
      5.261000D+03          -2.213960D-03
      1.717000D+03          -7.968450D-03
      6.199000D+02          -2.458030D-02
      2.416000D+02          -6.577980D-02
      9.979000D+01          -1.379420D-01
      4.315000D+01          -2.016300D-01
      1.914000D+01          -4.128340D-02
      7.488000D+00           4.846800D-01
      3.205000D+00           5.792240D-01
      1.196000D+00           8.790830D-02
      5.204000D-01          -7.275530D-03
      1.954000D-01           2.328840D-03
S    1   1.00
      1.196000D+00           1.000000D+00
S    15   1.00
      5.450000D+05           4.049900D-06
      8.164000D+04           3.136910D-05
      1.858000D+04           1.656460D-04
      5.261000D+03           6.916620D-04
      1.717000D+03           2.497900D-03
      6.199000D+02           7.710740D-03
      2.416000D+02           2.087140D-02
      9.979000D+01           4.439650D-02
      4.315000D+01           6.802240D-02
      1.914000D+01           1.413500D-02
      7.488000D+00          -2.074890D-01
      3.205000D+00          -4.250450D-01
      1.196000D+00           7.048550D-02
      5.204000D-01           7.336270D-01
      1.954000D-01           3.960050D-01
S    1   1.00
      1.954000D-01           1.000000D+00
S    1   1.00
      0.0685000              1.0000000
P    9   1.00
      7.618000D+02           2.369760D-03
      1.802000D+02           1.901990D-02
      5.750000D+01           8.808070D-02
      2.124000D+01           2.563770D-01
      8.388000D+00           4.387110D-01
      3.416000D+00           3.475690D-01
      1.206000D+00           5.667400D-02
      4.523000D-01          -5.238820D-03
      1.545000D-01           1.643760D-03
P    1   1.00
      1.206000D+00           1.000000D+00
P    9   1.00
      7.618000D+02          -6.672110D-04
      1.802000D+02          -5.327170D-03
      5.750000D+01          -2.554940D-02
      2.124000D+01          -7.571970D-02
      8.388000D+00          -1.411330D-01
      3.416000D+00          -9.327680D-02
      1.206000D+00           2.828720D-01
      4.523000D-01           5.624500D-01
      1.545000D-01           3.250590D-01
P    1   1.00
      1.545000D-01           1.000000D+00
P    1   1.00
      0.0487000              1.0000000
D    1   1.00
      1.254000D+00           1.000000D+00
D    1   1.00
      4.100000D-01           1.000000D+00
D    1   1.00
      0.1690000              1.0000000
F    1   1.00
      8.900000D-01           1.0000000
F    1   1.00
      0.4060000              1.0000000
****
