!----------------------------------------------------------------------
! Basis Set Exchange
! Version 0.11
! https://www.basissetexchange.org
!----------------------------------------------------------------------
!   Basis set: aug-cc-pVTZ
! Description: aug-cc-pVTZ
!        Role: orbital
!     Version: 1  (Data from ccRepo/Grant Hill)
!----------------------------------------------------------------------


Cl     0
S    15   1.00
      4.561000D+05           4.929700D-05
      6.833000D+04           3.830290D-04
      1.555000D+04           2.008540D-03
      4.405000D+03           8.385580D-03
      1.439000D+03           2.947030D-02
      5.204000D+02           8.783250D-02
      2.031000D+02           2.114730D-01
      8.396000D+01           3.653640D-01
      3.620000D+01           3.408840D-01
      1.583000D+01           1.021330D-01
      6.334000D+00           3.116750D-03
      2.694000D+00           1.057510D-03
      9.768000D-01          -3.780000D-04
      4.313000D-01           1.561360D-04
      1.625000D-01          -5.141260D-05
S    15   1.00
      4.561000D+05          -1.383040D-05
      6.833000D+04          -1.072790D-04
      1.555000D+04          -5.650830D-04
      4.405000D+03          -2.361350D-03
      1.439000D+03          -8.458860D-03
      5.204000D+02          -2.596380D-02
      2.031000D+02          -6.863620D-02
      8.396000D+01          -1.418740D-01
      3.620000D+01          -1.993190D-01
      1.583000D+01          -1.956620D-02
      6.334000D+00           4.997410D-01
      2.694000D+00           5.637360D-01
      9.768000D-01           7.903250D-02
      4.313000D-01          -8.350910D-03
      1.625000D-01           2.324560D-03
S    1   1.00
      9.768000D-01           1.000000D+00
S    15   1.00
      4.561000D+05           4.185460D-06
      6.833000D+04           3.243950D-05
      1.555000D+04           1.711050D-04
      4.405000D+03           7.141760D-04
      1.439000D+03           2.567050D-03
      5.204000D+02           7.885520D-03
      2.031000D+02           2.108670D-02
      8.396000D+01           4.422640D-02
      3.620000D+01           6.516700D-02
      1.583000D+01           6.030120D-03
      6.334000D+00          -2.064950D-01
      2.694000D+00          -4.058710D-01
      9.768000D-01           7.595580D-02
      4.313000D-01           7.256610D-01
      1.625000D-01           3.944230D-01
S    1   1.00
      1.625000D-01           1.000000D+00
S    1   1.00
      0.0591000              1.0000000
P    9   1.00
      6.633000D+02           2.404480D-03
      1.568000D+02           1.921480D-02
      4.998000D+01           8.850970D-02
      1.842000D+01           2.560200D-01
      7.240000D+00           4.369270D-01
      2.922000D+00           3.503340D-01
      1.022000D+00           5.854950D-02
      3.818000D-01          -4.584230D-03
      1.301000D-01           2.269700D-03
P    1   1.00
      1.022000D+00           1.000000D+00
P    9   1.00
      6.633000D+02          -6.521450D-04
      1.568000D+02          -5.194450D-03
      4.998000D+01          -2.469380D-02
      1.842000D+01          -7.281670D-02
      7.240000D+00          -1.340300D-01
      2.922000D+00          -9.477420D-02
      1.022000D+00           2.622890D-01
      3.818000D-01           5.646670D-01
      1.301000D-01           3.412500D-01
P    1   1.00
      1.301000D-01           1.000000D+00
P    1   1.00
      0.0419000              1.0000000
D    1   1.00
      1.046000D+00           1.000000D+00
D    1   1.00
      3.440000D-01           1.000000D+00
D    1   1.00
      0.1350000              1.0000000
F    1   1.00
      7.060000D-01           1.0000000
F    1   1.00
      0.3120000              1.0000000
****
