!----------------------------------------------------------------------
! Basis Set Exchange
! Version 0.11
! https://www.basissetexchange.org
!----------------------------------------------------------------------
!   Basis set: aug-cc-pVTZ
! Description: aug-cc-pVTZ
!        Role: orbital
!     Version: 1  (Data from ccRepo/Grant Hill)
!----------------------------------------------------------------------


F     0
S    10   1.00
      1.950000D+04           5.070000D-04
      2.923000D+03           3.923000D-03
      6.645000D+02           2.020000D-02
      1.875000D+02           7.901000D-02
      6.062000D+01           2.304390D-01
      2.142000D+01           4.328720D-01
      7.950000D+00           3.499640D-01
      2.257000D+00           4.323300D-02
      8.815000D-01          -7.892000D-03
      3.041000D-01           2.384000D-03
S    1   1.00
      2.257000D+00           1.000000D+00
S    10   1.00
      1.950000D+04          -1.170000D-04
      2.923000D+03          -9.120000D-04
      6.645000D+02          -4.717000D-03
      1.875000D+02          -1.908600D-02
      6.062000D+01          -5.965500D-02
      2.142000D+01          -1.400100D-01
      7.950000D+00          -1.767820D-01
      2.257000D+00           1.716250D-01
      8.815000D-01           6.050430D-01
      3.041000D-01           3.695120D-01
S    1   1.00
      3.041000D-01           1.000000D+00
S    1   1.00
      0.0915800              1.0000000
P    1   1.00
      9.132000D-01           1.000000D+00
P    5   1.00
      4.388000D+01           1.666500D-02
      9.926000D+00           1.044720D-01
      2.930000D+00           3.172600D-01
      9.132000D-01           4.873430D-01
      2.672000D-01           3.346040D-01
P    1   1.00
      2.672000D-01           1.000000D+00
P    1   1.00
      0.0736100              1.0000000
D    1   1.00
      3.107000D+00           1.000000D+00
D    1   1.00
      8.550000D-01           1.000000D+00
D    1   1.00
      0.2920000              1.0000000
F    1   1.00
      1.917000D+00           1.0000000
F    1   1.00
      0.7240000              1.0000000
****
