!----------------------------------------------------------------------
! Basis Set Exchange
! Version 0.11
! https://www.basissetexchange.org
!----------------------------------------------------------------------
!   Basis set: aug-cc-pVTZ
! Description: aug-cc-pVTZ
!        Role: orbital
!     Version: 1  (Data from ccRepo/Grant Hill)
!----------------------------------------------------------------------


S     0
S    15   1.00
      3.741000D+05           5.421400D-05
      5.605000D+04           4.208550D-04
      1.276000D+04           2.206980D-03
      3.615000D+03           9.192580D-03
      1.183000D+03           3.211230D-02
      4.288000D+02           9.466830D-02
      1.678000D+02           2.236300D-01
      6.947000D+01           3.743930D-01
      2.984000D+01           3.291080D-01
      1.272000D+01           8.470380D-02
      5.244000D+00           4.408510D-04
      2.219000D+00           1.648270D-03
      7.767000D-01          -6.223320D-04
      3.490000D-01           3.013060D-04
      1.322000D-01          -8.412900D-05
S    15   1.00
      3.741000D+05          -1.498370D-05
      5.605000D+04          -1.161980D-04
      1.276000D+04          -6.115830D-04
      3.615000D+03          -2.553700D-03
      1.183000D+03          -9.087080D-03
      4.288000D+02          -2.770450D-02
      1.678000D+02          -7.200200D-02
      6.947000D+01          -1.464390D-01
      2.984000D+01          -1.951500D-01
      1.272000D+01           8.191930D-03
      5.244000D+00           5.166010D-01
      2.219000D+00           5.421780D-01
      7.767000D-01           6.884300D-02
      3.490000D-01          -9.180720D-03
      1.322000D-01           2.268320D-03
S    1   1.00
      7.767000D-01           1.000000D+00
S    15   1.00
      3.741000D+05           4.350660D-06
      5.605000D+04           3.371400D-05
      1.276000D+04           1.776740D-04
      3.615000D+03           7.411160D-04
      1.183000D+03           2.645910D-03
      4.288000D+02           8.074870D-03
      1.678000D+02           2.122760D-02
      6.947000D+01           4.383230D-02
      2.984000D+01           6.127160D-02
      1.272000D+01          -3.615100D-03
      5.244000D+00          -2.045100D-01
      2.219000D+00          -3.818710D-01
      7.767000D-01           8.268440D-02
      3.490000D-01           7.141470D-01
      1.322000D-01           3.937910D-01
S    1   1.00
      1.322000D-01           1.000000D+00
S    1   1.00
      0.0497000              1.0000000
P    9   1.00
      5.744000D+02           2.422640D-03
      1.358000D+02           1.927960D-02
      4.319000D+01           8.854010D-02
      1.587000D+01           2.546540D-01
      6.208000D+00           4.339840D-01
      2.483000D+00           3.549530D-01
      8.688000D-01           6.189410D-02
      3.229000D-01          -5.029770D-03
      1.098000D-01           2.098130D-03
P    1   1.00
      8.688000D-01           1.000000D+00
P    9   1.00
      5.744000D+02          -6.201020D-04
      1.358000D+02          -4.938820D-03
      4.319000D+01          -2.326470D-02
      1.587000D+01          -6.851950D-02
      6.208000D+00          -1.238960D-01
      2.483000D+00          -9.694990D-02
      8.688000D-01           2.282150D-01
      3.229000D-01           5.693940D-01
      1.098000D-01           3.663020D-01
P    1   1.00
      1.098000D-01           1.000000D+00
P    1   1.00
      0.0351000              1.0000000
D    1   1.00
      8.190000D-01           1.000000D+00
D    1   1.00
      2.690000D-01           1.000000D+00
D    1   1.00
      0.1010000              1.0000000
F    1   1.00
      5.570000D-01           1.0000000
F    1   1.00
      0.2180000              1.0000000
****
