!----------------------------------------------------------------------
! Basis Set Exchange
! Version 0.11
! https://www.basissetexchange.org
!----------------------------------------------------------------------
!   Basis set: def2-QZVP
! Description: def2-QZVP
!        Role: orbital
!     Version: 1  (Data from Turbomole 7.3)
!----------------------------------------------------------------------


Al     0
S    10   1.00
 754550.7826500              0.13421335886D-04
 112999.3892200              0.10433210786D-03
  25715.8317590              0.54841772080D-03
   7283.6030283              0.23089081391D-02
   2376.0008796              0.83309974593D-02
    857.65468087             0.26417963653D-01
    334.38922598             0.73443646426D-01
    138.48504731             0.17184039139
     60.150368808            0.31041980030
     27.127610860            0.35669190596
S    3   1.00
    225.36500065             0.21522039783D-01
     69.341968124            0.18531780493
     26.619335712            0.63533181245
S    1   1.00
     12.349420671            1.0000000
S    1   1.00
      4.5878785994           1.0000000
S    1   1.00
      2.0571338103           1.0000000
S    1   1.00
      0.90864549395          1.0000000
S    1   1.00
      0.24226988038          1.0000000
S    1   1.00
      0.11248136869          1.0000000
S    1   1.00
      0.48156492817D-01      1.0000000
P    8   1.00
   1489.6119522              0.20177122443D-03
    353.01399267             0.17508109203D-02
    114.40764069             0.94424704664D-02
     43.312186111            0.36868004006D-01
     18.027322216            0.10892874007
      7.9675432403           0.23265901004
      3.6090399541           0.34643587076
      1.6456081630           0.33440809866
P    2   1.00
     34.731187489            0.17823073020D-01
      1.2553083630          -0.59991263926
P    1   1.00
      0.73635534282          1.0000000
P    1   1.00
      0.24686465559          1.0000000
P    1   1.00
      0.94821971828D-01      1.0000000
P    1   1.00
      0.36214165654D-01      1.0000000
D    1   1.00
      1.9700000000           1.0000000
D    1   1.00
      0.4370000000           1.0000000
D    1   1.00
      0.1950000000           1.0000000
D    1   1.00
      0.0800000000           1.0000000
F    1   1.00
      0.4010000000           1.0000000
F    1   1.00
      0.1540000000           1.0000000
G    1   1.00
      0.3570000000           1.0000000
****
