!----------------------------------------------------------------------
! Basis Set Exchange
! Version 0.11
! https://www.basissetexchange.org
!----------------------------------------------------------------------
!   Basis set: def2-QZVP
! Description: def2-QZVP
!        Role: orbital
!     Version: 1  (Data from Turbomole 7.3)
!----------------------------------------------------------------------


Cl     0
S    10   1.00
1467459.0095000              0.11478257194D-04
 219756.1643300              0.89234299775D-04
  50010.7703010              0.46911086186D-03
  14164.8239180              0.19762446133D-02
   4620.7465525              0.71419937783D-02
   1667.8991635              0.22753219445D-01
    650.29199265             0.63959782953D-01
    269.38037376             0.15331059238
    117.06752106             0.28986952417
     52.811766843            0.36348071452
S    3   1.00
    461.42769988             0.18019457578D-01
    142.12665355             0.16489442314
     54.437838768            0.63891587584
S    1   1.00
     24.160770219            1.0000000
S    1   1.00
      9.7083540306           1.0000000
S    1   1.00
      4.5640696733           1.0000000
S    1   1.00
      2.1194744832           1.0000000
S    1   1.00
      0.75722365394          1.0000000
S    1   1.00
      0.33747224597          1.0000000
S    1   1.00
      0.13860775149          1.0000000
P    8   1.00
   2501.9457890              0.24242618410D-03
    592.88059285             0.21079961749D-02
    192.18089186             0.11432693869D-01
     72.875710488            0.44956698060D-01
     30.436358370            0.13197476145
     13.490178902            0.27493639225
      6.1478071413           0.38347236372
      2.8450944820           0.28871943885
P    2   1.00
    105.39397936            -0.34311760144D-01
      6.7369738513           0.64060818902
P    1   1.00
      1.2421095772           1.0000000
P    1   1.00
      0.55669714254          1.0000000
P    1   1.00
      0.23387801464          1.0000000
P    1   1.00
      0.93164490890D-01      1.0000000
D    1   1.00
      5.19100000             1.0000000
D    1   1.00
      1.27600000             1.0000000
D    1   1.00
      0.583000000            1.0000000
D    1   1.00
      0.243000000            1.0000000
F    1   1.00
      1.08900000             1.0000000
F    1   1.00
      0.423000000            1.0000000
G    1   1.00
      0.827000000            1.0000000
****
