!----------------------------------------------------------------------
! Basis Set Exchange
! Version 0.11
! https://www.basissetexchange.org
!----------------------------------------------------------------------
!   Basis set: def2-QZVP
! Description: def2-QZVP
!        Role: orbital
!     Version: 1  (Data from Turbomole 7.3)
!----------------------------------------------------------------------


Mg     0
S    10   1.00
 605967.7875300              0.14430176617D-04
  90569.0946920              0.11249871807D-03
  20574.2528440              0.59264972450D-03
   5818.6284865              0.24988770424D-02
   1895.6296075              0.90230775141D-02
    683.45941021             0.28579919806D-01
    266.18219762             0.79064453923D-01
    110.11220010             0.18269337814
     47.777041234            0.32157193967
     21.542166149            0.35028259389
S    3   1.00
    174.12136378             0.22931111278D-01
     53.484972498            0.19151777552
     20.500213307            0.61155711055
S    1   1.00
      9.8056826922           1.0000000
S    1   1.00
      3.5402989348           1.0000000
S    1   1.00
      1.5450850046           1.0000000
S    1   1.00
      0.66540195432          1.0000000
S    1   1.00
      0.14355439071          1.0000000
S    1   1.00
      0.66624673468D-01      1.0000000
S    1   1.00
      0.29772648266D-01      1.0000000
P    8   1.00
    893.20460829             0.34958267428D-03
    211.78258286             0.29811890111D-02
     68.443200537            0.15517845758D-01
     25.727265349            0.57578659557D-01
     10.606634281            0.15610307853
      4.5934126484           0.29230912580
      2.0100469807           0.37219024072
      0.87384841536          0.27578088891
P    1   1.00
      0.35615076666          1.0000000
P    1   1.00
      0.18995954356          1.0000000
P    1   1.00
      0.74580135669D-01      1.0000000
P    1   1.00
      0.29221641309D-01      1.0000000
D    1   1.00
      3.8100000              1.0000000
D    1   1.00
      0.6500000              1.0000000
D    1   1.00
      0.2000000              1.0000000
D    1   1.00
      0.0520000              1.0000000
F    1   1.00
      0.1600000              1.0000000
****
