!----------------------------------------------------------------------
! Basis Set Exchange
! Version 0.11
! https://www.basissetexchange.org
!----------------------------------------------------------------------
!   Basis set: def2-QZVP
! Description: def2-QZVP
!        Role: orbital
!     Version: 1  (Data from Turbomole 7.3)
!----------------------------------------------------------------------


Na     0
S    10   1.00
 379852.2008100              0.20671384468D-04
  56886.0063780              0.16070466617D-03
  12942.7018380              0.84462905848D-03
   3664.3017904              0.35519026029D-02
   1194.7417499              0.12754034468D-01
    430.98192917             0.39895462742D-01
    167.83169424             0.10720154498
     69.306669040            0.23339516913
     29.951170886            0.36333077287
     13.380791097            0.30544770974
S    3   1.00
    121.74011283             0.36142427284D-01
     37.044143387            0.28820961687
     13.995422624            0.79337384869
S    1   1.00
      5.9827797428           1.0000000
S    1   1.00
      2.4830455118           1.0000000
S    1   1.00
      1.0452506187           1.0000000
S    1   1.00
      0.43875640383          1.0000000
S    1   1.00
      0.65595633185D-01      1.0000000
S    1   1.00
      0.30561925072D-01      1.0000000
S    1   1.00
      0.15509064018D-01      1.0000000
P    8   1.00
    690.77627017             0.37478518415D-03
    163.82806121             0.31775441030D-02
     52.876460769            0.16333581338D-01
     19.812270493            0.59754902585D-01
      8.1320378784           0.15879328812
      3.4969068377           0.29049363260
      1.5117244146           0.36368131139
      0.64479294912          0.28195867334
P    1   1.00
      0.26145823312          1.0000000
P    1   1.00
      0.11704726116          1.0000000
P    1   1.00
      0.40494747666D-01      1.0000000
P    1   1.00
      0.15666707355D-01      1.0000000
D    1   1.00
      2.9000000              1.0000000
D    1   1.00
      0.2300000              1.0000000
D    1   1.00
      0.0757000              1.0000000
F    1   1.00
      0.1350000              1.0000000
****
