!----------------------------------------------------------------------
! Basis Set Exchange
! Version 0.11
! https://www.basissetexchange.org
!----------------------------------------------------------------------
!   Basis set: def2-QZVP
! Description: def2-QZVP
!        Role: orbital
!     Version: 1  (Data from Turbomole 7.3)
!----------------------------------------------------------------------


P     0
S    10   1.00
1090561.7138000              0.12142449664D-04
 163316.3946100              0.94395292614D-04
  37166.6074510              0.49622262177D-03
  10526.8809450              0.20900040747D-02
   3433.9976028              0.75489230025D-02
   1239.5360480              0.24010423937D-01
    483.27456199             0.67231473697D-01
    200.16911586             0.15978669881
     86.960394829            0.29735906782
     39.211283369            0.36187171850
S    3   1.00
    336.75883662             0.19154721050D-01
    103.72179793             0.17134079100
     39.771861240            0.63689655985
S    1   1.00
     17.888612952            1.0000000
S    1   1.00
      6.9644556879           1.0000000
S    1   1.00
      3.2198092087           1.0000000
S    1   1.00
      1.4669943979           1.0000000
S    1   1.00
      0.47765437532          1.0000000
S    1   1.00
      0.21637789241          1.0000000
S    1   1.00
      0.90235894336D-01      1.0000000
P    8   1.00
   2019.6711374              0.21359172406D-03
    478.60125090             0.18568771399D-02
    155.14942504             0.10070690115D-01
     58.816356575            0.39605153679D-01
     24.544512785            0.11736067844
     10.883571061            0.24950540642
      4.9624791285           0.36421287984
      2.3002912343           0.31764127123
P    2   1.00
     59.371345016            0.39432918004
      3.0694590986          -6.3522960431
P    1   1.00
      1.0634401739           1.0000000
P    1   1.00
      0.45022152161          1.0000000
P    1   1.00
      0.18267271344          1.0000000
P    1   1.00
      0.71610333771D-01      1.0000000
D    1   1.00
      3.34300000             1.0000000
D    1   1.00
      0.807000000            1.0000000
D    1   1.00
      0.365000000            1.0000000
D    1   1.00
      0.154000000            1.0000000
F    1   1.00
      0.703000000            1.0000000
F    1   1.00
      0.280000000            1.0000000
G    1   1.00
      0.597000000            1.0000000
****
