!----------------------------------------------------------------------
! Basis Set Exchange
! Version 0.11
! https://www.basissetexchange.org
!----------------------------------------------------------------------
!   Basis set: def2-QZVP
! Description: def2-QZVP
!        Role: orbital
!     Version: 1  (Data from Turbomole 7.3)
!----------------------------------------------------------------------


S     0
S    10   1.00
1273410.9023000              0.11767088246D-04
 190697.8300700              0.91478610166D-04
  43397.8853300              0.48090078640D-03
  12291.8096770              0.20257193592D-02
   4009.7420824              0.73190096406D-02
   1447.3531030              0.23300499900D-01
    564.30102913             0.65386213610D-01
    233.74506243             0.15614449910
    101.56402814             0.29318563787
     45.805907187            0.36287914289
S    3   1.00
    394.27281503             0.18753305081D-01
    121.72249591             0.16870726663
     46.754125963            0.63806830653
S    1   1.00
     20.923008254            1.0000000
S    1   1.00
      8.2685567800           1.0000000
S    1   1.00
      3.8629345671           1.0000000
S    1   1.00
      1.7794684781           1.0000000
S    1   1.00
      0.61064260103          1.0000000
S    1   1.00
      0.27412269445          1.0000000
S    1   1.00
      0.11325939107          1.0000000
P    8   1.00
   2189.8930459              0.23912552864D-03
    518.94596592             0.20772032158D-02
    168.19560151             0.11242420571D-01
     63.745282788            0.44069933941D-01
     26.597033077            0.12918778608
     11.774251449            0.26910820167
      5.3534379024           0.37855928620
      2.4701911802           0.29692134655
P    2   1.00
     82.120288349           -0.39420318847D-01
      4.9523532869           0.64048403090
P    1   1.00
      1.0828262029           1.0000000
P    1   1.00
      0.49271277356          1.0000000
P    1   1.00
      0.20483450942          1.0000000
P    1   1.00
      0.80743615716D-01      1.0000000
D    1   1.00
      4.15900000             1.0000000
D    1   1.00
      1.01900000             1.0000000
D    1   1.00
      0.464000000            1.0000000
D    1   1.00
      0.194000000            1.0000000
F    1   1.00
      0.869000000            1.0000000
F    1   1.00
      0.335000000            1.0000000
G    1   1.00
      0.683000000            1.0000000
****
