!----------------------------------------------------------------------
! Basis Set Exchange
! Version 0.11
! https://www.basissetexchange.org
!----------------------------------------------------------------------
!   Basis set: def2-QZVP
! Description: def2-QZVP
!        Role: orbital
!     Version: 1  (Data from Turbomole 7.3)
!----------------------------------------------------------------------


Si     0
S    10   1.00
 918070.6956500              0.12658787192D-04
 137485.2538600              0.98408387461D-04
  31287.7727140              0.51731398244D-03
   8861.6105697              0.21785441933D-02
   2890.6943156              0.78656853716D-02
   1043.4063979              0.24987553674D-01
    406.80160276             0.69761818844D-01
    168.48360207             0.16473362733
     73.185628823            0.30285602647
     32.998485420            0.36007260439
S    3   1.00
    278.78751325             0.20185463814D-01
     85.910228722            0.17720406747
     32.992604031            0.63587860906
S    1   1.00
     15.033693254            1.0000000
S    1   1.00
      5.7257514773           1.0000000
S    1   1.00
      2.6146521029           1.0000000
S    1   1.00
      1.1757833152           1.0000000
S    1   1.00
      0.35432330868          1.0000000
S    1   1.00
      0.16248335806          1.0000000
S    1   1.00
      0.68332457181D-01      1.0000000
P    8   1.00
   1775.8850516              0.20186971126D-03
    420.83786849             0.17544314655D-02
    136.42290243             0.95039532290D-02
     51.700991737            0.37325741590D-01
     21.559456002            0.11085396329
      9.5559200095           0.23756407046
      4.3529819473           0.35295783750
      2.0096964381           0.32885931947
P    2   1.00
     46.418153780            0.25858819154D-01
      1.9076417796          -0.59874865899
P    1   1.00
      0.92337221587          1.0000000
P    1   1.00
      0.34515720370          1.0000000
P    1   1.00
      0.13656834761          1.0000000
P    1   1.00
      0.52987060586D-01      1.0000000
D    1   1.00
      2.64500000             1.0000000
D    1   1.00
      0.608000000            1.0000000
D    1   1.00
      0.272000000            1.0000000
D    1   1.00
      0.113000000            1.0000000
F    1   1.00
      0.541000000            1.0000000
F    1   1.00
      0.212000000            1.0000000
G    1   1.00
      0.461000000            1.0000000
****
