!----------------------------------------------------------------------
! Basis Set Exchange
! Version 0.11
! https://www.basissetexchange.org
!----------------------------------------------------------------------
!   Basis set: aug-cc-pVQZ
! Description: aug-cc-pVQZ
!        Role: orbital
!     Version: 1  (Data from ccRepo/Grant Hill)
!----------------------------------------------------------------------


Al     0
S    16   1.00
      4.196000D+05           2.782190D-05
      6.283000D+04           2.163300D-04
      1.429000D+04           1.137540D-03
      4.038000D+03           4.796350D-03
      1.312000D+03           1.723890D-02
      4.705000D+02           5.380660D-02
      1.818000D+02           1.413260D-01
      7.446000D+01           2.892680D-01
      3.190000D+01           3.848250D-01
      1.396000D+01           2.328520D-01
      5.180000D+00           2.933300D-02
      2.265000D+00          -3.005740D-03
      9.664000D-01           1.666730D-03
      2.447000D-01          -6.060170D-04
      1.184000D-01           4.313550D-04
      5.021000D-02          -1.229190D-04
S    16   1.00
      4.196000D+05          -7.237540D-06
      6.283000D+04          -5.617330D-05
      1.429000D+04          -2.965280D-04
      4.038000D+03          -1.249130D-03
      1.312000D+03          -4.551010D-03
      4.705000D+02          -1.443930D-02
      1.818000D+02          -4.034640D-02
      7.446000D+01          -9.226180D-02
      3.190000D+01          -1.645100D-01
      1.396000D+01          -1.412960D-01
      5.180000D+00           1.953650D-01
      2.265000D+00           5.724750D-01
      9.664000D-01           3.740410D-01
      2.447000D-01           2.341190D-02
      1.184000D-01          -9.051970D-03
      5.021000D-02           2.111740D-03
S    1   1.00
      2.447000D-01           1.000000D+00
S    1   1.00
      1.184000D-01           1.000000D+00
S    16   1.00
      4.196000D+05           1.671500D-06
      6.283000D+04           1.296410D-05
      1.429000D+04           6.851010D-05
      4.038000D+03           2.882740D-04
      1.312000D+03           1.052760D-03
      4.705000D+02           3.338780D-03
      1.818000D+02           9.392170D-03
      7.446000D+01           2.160470D-02
      3.190000D+01           3.958730D-02
      1.396000D+01           3.491800D-02
      5.180000D+00          -5.284150D-02
      2.265000D+00          -1.918780D-01
      9.664000D-01          -2.541150D-01
      2.447000D-01           2.750700D-01
      1.184000D-01           6.047430D-01
      5.021000D-02           2.876290D-01
S    1   1.00
      5.021000D-02           1.000000D+00
S    1   1.00
      0.0183000              1.0000000
P    11   1.00
      8.913000D+02           4.917550D-04
      2.113000D+02           4.158430D-03
      6.828000D+01           2.125380D-02
      2.570000D+01           7.640580D-02
      1.063000D+01           1.942770D-01
      4.602000D+00           3.344280D-01
      2.015000D+00           3.750260D-01
      8.706000D-01           2.040410D-01
      2.972000D-01           2.137380D-02
      1.100000D-01          -2.021440D-03
      3.989000D-02           8.172510D-04
P    1   1.00
      2.972000D-01           1.000000D+00
P    1   1.00
      1.100000D-01           1.000000D+00
P    11   1.00
      8.913000D+02          -8.886950D-05
      2.113000D+02          -7.458230D-04
      6.828000D+01          -3.870250D-03
      2.570000D+01          -1.393500D-02
      1.063000D+01          -3.668600D-02
      4.602000D+00          -6.277970D-02
      2.015000D+00          -7.896020D-02
      8.706000D-01          -2.885890D-02
      2.972000D-01           2.382560D-01
      1.100000D-01           5.513630D-01
      3.989000D-02           3.543850D-01
P    1   1.00
      3.989000D-02           1.000000D+00
P    1   1.00
      0.0121000              1.0000000
D    1   1.00
      4.940000D-01           1.000000D+00
D    1   1.00
      1.990000D-01           1.000000D+00
D    1   1.00
      8.040000D-02           1.000000D+00
D    1   1.00
      0.0282000              1.0000000
F    1   1.00
      4.010000D-01           1.000000D+00
F    1   1.00
      1.540000D-01           1.000000D+00
F    1   1.00
      0.0582000              1.0000000
G    1   1.00
      3.570000D-01           1.0000000
G    1   1.00
      0.1530000              1.0000000
****
