!----------------------------------------------------------------------
! Basis Set Exchange
! Version 0.11
! https://www.basissetexchange.org
!----------------------------------------------------------------------
!   Basis set: aug-cc-pVQZ
! Description: aug-cc-pVQZ
!        Role: orbital
!     Version: 1  (Data from ccRepo/Grant Hill)
!----------------------------------------------------------------------


B     0
S    12   1.00
      2.387000D+04           8.800000D-05
      3.575000D+03           6.870000D-04
      8.128000D+02           3.600000D-03
      2.297000D+02           1.494900D-02
      7.469000D+01           5.143500D-02
      2.681000D+01           1.433020D-01
      1.032000D+01           3.009350D-01
      4.178000D+00           4.035260D-01
      1.727000D+00           2.253400D-01
      4.704000D-01           1.540700D-02
      1.896000D-01          -3.955000D-03
      7.394000D-02           1.124000D-03
S    1   1.00
      4.704000D-01           1.000000D+00
S    1   1.00
      1.896000D-01           1.000000D+00
S    12   1.00
      2.387000D+04          -1.800000D-05
      3.575000D+03          -1.390000D-04
      8.128000D+02          -7.250000D-04
      2.297000D+02          -3.063000D-03
      7.469000D+01          -1.058100D-02
      2.681000D+01          -3.136500D-02
      1.032000D+01          -7.101200D-02
      4.178000D+00          -1.321030D-01
      1.727000D+00          -1.230720D-01
      4.704000D-01           2.618190D-01
      1.896000D-01           5.866620D-01
      7.394000D-02           2.904940D-01
S    1   1.00
      7.394000D-02           1.000000D+00
S    1   1.00
      0.0272100              1.0000000
P    1   1.00
      5.071000D-01           1.000000D+00
P    6   1.00
      2.226000D+01           5.095000D-03
      5.058000D+00           3.320600D-02
      1.487000D+00           1.323140D-01
      5.071000D-01           3.318180D-01
      1.812000D-01           4.720630D-01
      6.463000D-02           2.579790D-01
P    1   1.00
      1.812000D-01           1.000000D+00
P    1   1.00
      6.463000D-02           1.000000D+00
P    1   1.00
      0.0187800              1.0000000
D    1   1.00
      1.110000D+00           1.000000D+00
D    1   1.00
      4.020000D-01           1.000000D+00
D    1   1.00
      1.450000D-01           1.000000D+00
D    1   1.00
      0.0466000              1.0000000
F    1   1.00
      8.820000D-01           1.000000D+00
F    1   1.00
      3.110000D-01           1.000000D+00
F    1   1.00
      0.1130000              1.0000000
G    1   1.00
      6.730000D-01           1.0000000
G    1   1.00
      0.2730000              1.0000000
****
