!----------------------------------------------------------------------
! Basis Set Exchange
! Version 0.11
! https://www.basissetexchange.org
!----------------------------------------------------------------------
!   Basis set: aug-cc-pVQZ
! Description: aug-cc-pVQZ
!        Role: orbital
!     Version: 1  (Data from ccRepo/Grant Hill)
!----------------------------------------------------------------------


Na     0
S    19   1.00
      1.224000D+06           4.788940D-06
      1.832000D+05           3.723950D-05
      4.170000D+04           1.958310D-04
      1.181000D+04           8.266980D-04
      3.853000D+03           3.002510D-03
      1.391000D+03           9.703100D-03
      5.425000D+02           2.823370D-02
      2.249000D+02           7.320580D-02
      9.793000D+01           1.628970D-01
      4.431000D+01           2.887080D-01
      2.065000D+01           3.468290D-01
      9.729000D+00           2.068650D-01
      4.228000D+00           3.280090D-02
      1.969000D+00          -6.477360D-04
      8.890000D-01           1.458780D-03
      3.964000D-01          -1.783460D-04
      6.993000D-02           9.147890D-05
      3.289000D-02          -8.251820D-05
      1.612000D-02           2.922520D-05
S    19   1.00
      1.224000D+06          -1.169580D-06
      1.832000D+05          -9.091100D-06
      4.170000D+04          -4.784990D-05
      1.181000D+04          -2.019620D-04
      3.853000D+03          -7.358370D-04
      1.391000D+03          -2.387460D-03
      5.425000D+02          -7.049690D-03
      2.249000D+02          -1.878560D-02
      9.793000D+01          -4.461530D-02
      4.431000D+01          -8.977410D-02
      2.065000D+01          -1.429400D-01
      9.729000D+00          -1.243150D-01
      4.228000D+00           9.996480D-02
      1.969000D+00           4.170800D-01
      8.890000D-01           4.751230D-01
      3.964000D-01           1.632680D-01
      6.993000D-02           3.095430D-03
      3.289000D-02          -1.552630D-03
      1.612000D-02           5.577630D-04
S    1   1.00
      6.993000D-02           1.000000D+00
S    19   1.00
      1.224000D+06           1.758710D-07
      1.832000D+05           1.365940D-06
      4.170000D+04           7.197950D-06
      1.181000D+04           3.033490D-05
      3.853000D+03           1.107520D-04
      1.391000D+03           3.585960D-04
      5.425000D+02           1.062720D-03
      2.249000D+02           2.826870D-03
      9.793000D+01           6.767420D-03
      4.431000D+01           1.364800D-02
      2.065000D+01           2.228140D-02
      9.729000D+00           1.960110D-02
      4.228000D+00          -1.677080D-02
      1.969000D+00          -7.737340D-02
      8.890000D-01          -1.135010D-01
      3.964000D-01          -1.391300D-01
      6.993000D-02           4.400830D-01
      3.289000D-02           5.389520D-01
      1.612000D-02           1.338890D-01
S    1   1.00
      3.289000D-02           1.000000D+00
S    1   1.00
      1.612000D-02           1.000000D+00
S    1   1.00
      5.000000D-03           1.000000D+00
P    12   1.00
      4.134000D+02           9.081960D-04
      9.798000D+01           7.417730D-03
      3.137000D+01           3.574640D-02
      1.162000D+01           1.185200D-01
      4.671000D+00           2.614030D-01
      1.918000D+00           3.783950D-01
      7.775000D-01           3.346320D-01
      3.013000D-01           1.268440D-01
      2.275000D-01          -1.471170D-02
      7.527000D-02           5.686500D-03
      3.126000D-02          -1.709740D-03
      1.342000D-02           5.471420D-04
P    1   1.00
      7.527000D-02           1.000000D+00
P    1   1.00
      3.126000D-02           1.000000D+00
P    12   1.00
      4.134000D+02          -9.017410D-05
      9.798000D+01          -7.393420D-04
      3.137000D+01          -3.573090D-03
      1.162000D+01          -1.201420D-02
      4.671000D+00          -2.671780D-02
      1.918000D+00          -3.927530D-02
      7.775000D-01          -3.760830D-02
      3.013000D-01          -4.332280D-02
      2.275000D-01           5.180030D-02
      7.527000D-02           2.601940D-01
      3.126000D-02           5.496810D-01
      1.342000D-02           2.818720D-01
P    1   1.00
      1.342000D-02           1.000000D+00
P    1   1.00
      7.200000D-03           1.000000D+00
D    1   1.00
      2.116000D-01           1.000000D+00
D    1   1.00
      1.039000D-01           1.000000D+00
D    1   1.00
      5.100000D-02           1.000000D+00
D    1   1.00
      2.530000D-02           1.000000D+00
F    1   1.00
      2.006000D-01           1.000000D+00
F    1   1.00
      1.009000D-01           1.000000D+00
F    1   1.00
      4.470000D-02           1.000000D+00
G    1   1.00
      1.776000D-01           1.0000000
G    1   1.00
      8.720000D-02           1.000000D+00
****
