!----------------------------------------------------------------------
! Basis Set Exchange
! Version 0.11
! https://www.basissetexchange.org
!----------------------------------------------------------------------
!   Basis set: ano-pVTZ
! Description: ano-pVTZ
!        Role: orbital
!     Version: 1  (Data from supporting information)
!----------------------------------------------------------------------


Al     0
S    21   1.00
3652000.0000000000           0.0000018637
 546800.0000000000           0.0000144635
 124500.0000000000           0.0000761824
  35440.0000000000           0.0003158235
  11840.0000000000           0.0010973874
   4434.0000000000           0.0033697098
   1812.0000000000           0.0093221881
    791.5000000000           0.0237993006
    361.0000000000           0.0568193211
    169.5000000000           0.1224688474
     81.6800000000           0.2238975904
     40.2800000000           0.3134446769
     20.2500000000           0.2749772585
     10.2300000000           0.1105733913
      4.8020000000           0.0119196229
      2.3390000000           0.0006369322
      1.1630000000           0.0004487692
      0.5882000000          -0.0000380120
      0.2311000000           0.0000593791
      0.1027000000           0.0000587612
      0.0452100000           0.0000261452
S    21   1.00
3652000.0000000000           0.0000004848
 546800.0000000000           0.0000037607
 124500.0000000000           0.0000198230
  35440.0000000000           0.0000821362
  11840.0000000000           0.0002859936
   4434.0000000000           0.0008789728
   1812.0000000000           0.0024496839
    791.5000000000           0.0063137218
    361.0000000000           0.0154946400
    169.5000000000           0.0349794080
     81.6800000000           0.0708150170
     40.2800000000           0.1194903762
     20.2500000000           0.1489285897
     10.2300000000           0.0590936008
      4.8020000000          -0.2167547776
      2.3390000000          -0.4769006098
      1.1630000000          -0.3764545105
      0.5882000000          -0.0870507052
      0.2311000000          -0.0012553997
      0.1027000000           0.0022755184
      0.0452100000           0.0005978034
S    21   1.00
3652000.0000000000           0.0000001107
 546800.0000000000           0.0000008591
 124500.0000000000           0.0000045255
  35440.0000000000           0.0000187694
  11840.0000000000           0.0000652773
   4434.0000000000           0.0002009878
   1812.0000000000           0.0005592223
    791.5000000000           0.0014463830
    361.0000000000           0.0035455988
    169.5000000000           0.0080644174
     81.6800000000           0.0163827254
     40.2800000000           0.0282463510
     20.2500000000           0.0359202031
     10.2300000000           0.0151042507
      4.8020000000          -0.0605797083
      2.3390000000          -0.1508458697
      1.1630000000          -0.2197750427
      0.5882000000          -0.0945734630
      0.2311000000           0.4009096114
      0.1027000000           0.6098385480
      0.0452100000           0.1812425049
S    21   1.00
3652000.0000000000           0.0000001496
 546800.0000000000           0.0000011735
 124500.0000000000           0.0000060873
  35440.0000000000           0.0000257771
  11840.0000000000           0.0000871996
   4434.0000000000           0.0002783642
   1812.0000000000           0.0007395216
    791.5000000000           0.0020256318
    361.0000000000           0.0046422363
    169.5000000000           0.0114436286
     81.6800000000           0.0211580673
     40.2800000000           0.0414650571
     20.2500000000           0.0435211688
     10.2300000000           0.0324891435
      4.8020000000          -0.1196504024
      2.3390000000          -0.1600031964
      1.1630000000          -0.5198351326
      0.5882000000           0.1665990524
      0.2311000000           1.8438321393
      0.1027000000          -0.8377239912
      0.0452100000          -0.7637343604
P    14   1.00
   2884.0000000000           0.0000638513
    683.2000000000           0.0005636181
    222.0000000000           0.0031720969
     84.8200000000           0.0132523750
     35.8100000000           0.0433836653
     16.2200000000           0.1120603104
      7.7020000000           0.2180142757
      3.7410000000           0.3119431736
      1.8310000000           0.3169439761
      0.8878000000           0.1789251325
      0.3989000000           0.0309903761
      0.1718000000           0.0001206735
      0.0729800000           0.0006689449
      0.0306900000          -0.0001263149
P    14   1.00
   2884.0000000000           0.0000120316
    683.2000000000           0.0001068310
    222.0000000000           0.0005990995
     84.8200000000           0.0025255848
     35.8100000000           0.0082911461
     16.2200000000           0.0218958429
      7.7020000000           0.0430126547
      3.7410000000           0.0633327606
      1.8310000000           0.0677298350
      0.8878000000           0.0417050279
      0.3989000000          -0.1302636002
      0.1718000000          -0.4202655134
      0.0729800000          -0.4498469253
      0.0306900000          -0.1544401658
P    14   1.00
   2884.0000000000           0.0000142841
    683.2000000000           0.0001360566
    222.0000000000           0.0007115502
     84.8200000000           0.0032161490
     35.8100000000           0.0097360249
     16.2200000000           0.0278786993
      7.7020000000           0.0498714840
      3.7410000000           0.0877150859
      1.8310000000           0.0707128658
      0.8878000000           0.1575376271
      0.3989000000          -0.4809779769
      0.1718000000          -0.8348210970
      0.0729800000           0.7149805981
      0.0306900000           0.4861292394
D    5   1.00
      2.2143000000           0.0178097303
      0.9449000000           0.0104024313
      0.4032000000           0.2594736718
      0.1721000000           0.5570493165
      0.0734300000           0.3064913572
****
