!----------------------------------------------------------------------
! Basis Set Exchange
! Version 0.11
! https://www.basissetexchange.org
!----------------------------------------------------------------------
!   Basis set: ano-pVTZ
! Description: ano-pVTZ
!        Role: orbital
!     Version: 1  (Data from supporting information)
!----------------------------------------------------------------------


Ar     0
S    21   1.00
9149000.0000000000           0.0000013427
1370000.0000000000           0.0000104386
 311900.0000000000           0.0000548567
  88650.0000000000           0.0002295828
  29330.0000000000           0.0008103338
  10930.0000000000           0.0024853413
   4480.0000000000           0.0068369173
   1962.0000000000           0.0176198815
    894.1000000000           0.0428751718
    419.6000000000           0.0954852872
    202.3000000000           0.1850640043
     99.8400000000           0.2890415368
     50.0700000000           0.3101655965
     25.1400000000           0.1721832194
     11.8100000000           0.0285227179
      5.8820000000          -0.0005757381
      2.9390000000           0.0011812150
      1.4050000000          -0.0004805349
      0.6963000000           0.0001888494
      0.3188000000          -0.0000972509
      0.1410000000           0.0000174327
S    21   1.00
9149000.0000000000           0.0000003813
1370000.0000000000           0.0000029633
 311900.0000000000           0.0000155803
  88650.0000000000           0.0000651880
  29330.0000000000           0.0002304322
  10930.0000000000           0.0007074586
   4480.0000000000           0.0019572963
   1962.0000000000           0.0050856225
    894.1000000000           0.0126528350
    419.6000000000           0.0293064513
    202.3000000000           0.0617712186
     99.8400000000           0.1125407214
     50.0700000000           0.1622931602
     25.1400000000           0.1184119757
     11.8100000000          -0.1461475119
      5.8820000000          -0.4977515049
      2.9390000000          -0.4342396429
      1.4050000000          -0.0890745104
      0.6963000000          -0.0005380500
      0.3188000000          -0.0020403603
      0.1410000000           0.0000280176
S    21   1.00
9149000.0000000000           0.0000001196
1370000.0000000000           0.0000009295
 311900.0000000000           0.0000048884
  88650.0000000000           0.0000204455
  29330.0000000000           0.0000723150
  10930.0000000000           0.0002219097
   4480.0000000000           0.0006147545
   1962.0000000000           0.0015970984
    894.1000000000           0.0039865334
    419.6000000000           0.0092577792
    202.3000000000           0.0197068769
     99.8400000000           0.0364106866
     50.0700000000           0.0543600462
     25.1400000000           0.0412101400
     11.8100000000          -0.0557198596
      5.8820000000          -0.2389790991
      2.9390000000          -0.3480660572
      1.4050000000          -0.0114046784
      0.6963000000           0.5088914666
      0.3188000000           0.5484078881
      0.1410000000           0.1564441373
S    21   1.00
9149000.0000000000          -0.0000001367
1370000.0000000000          -0.0000010740
 311900.0000000000          -0.0000055565
  88650.0000000000          -0.0000237565
  29330.0000000000          -0.0000816261
  10930.0000000000          -0.0002602096
   4480.0000000000          -0.0006861311
   1962.0000000000          -0.0018950399
    894.1000000000          -0.0044077494
    419.6000000000          -0.0111231815
    202.3000000000          -0.0215812668
     99.8400000000          -0.0450890638
     50.0700000000          -0.0582069373
     25.1400000000          -0.0607658119
     11.8100000000           0.1167192188
      5.8820000000           0.2034650119
      2.9390000000           0.7215300226
      1.4050000000          -0.4385972721
      0.6963000000          -1.8449057279
      0.3188000000           1.0202646083
      0.1410000000           0.7094666949
P    14   1.00
   7050.0000000000           0.0000501843
   1669.0000000000           0.0004453650
    542.1000000000           0.0025479973
    207.1000000000           0.0110155237
     87.5200000000           0.0378489764
     39.6100000000           0.1043551933
     18.7800000000           0.2193351507
      9.1300000000           0.3346153067
      4.5160000000           0.3267710198
      2.2450000000           0.1481530147
      1.0650000000           0.0192586150
      0.4885000000           0.0005519368
      0.2166000000           0.0001769246
      0.0925500000          -0.0000168555
P    14   1.00
   7050.0000000000           0.0000141163
   1669.0000000000           0.0001249327
    542.1000000000           0.0007189150
    207.1000000000           0.0031134821
     87.5200000000           0.0108614712
     39.6100000000           0.0305213102
     18.7800000000           0.0664087472
      9.1300000000           0.1043355196
      4.5160000000           0.1104812265
      2.2450000000          -0.0132896226
      1.0650000000          -0.2782215414
      0.4885000000          -0.4348655739
      0.2166000000          -0.3375752082
      0.0925500000          -0.0952338864
P    14   1.00
   7050.0000000000           0.0000181269
   1669.0000000000           0.0001604674
    542.1000000000           0.0009241383
    207.1000000000           0.0040094773
     87.5200000000           0.0140247320
     39.6100000000           0.0396644574
     18.7800000000           0.0883804352
      9.1300000000           0.1325313304
      4.5160000000           0.1419961135
      2.2450000000          -0.0015187742
      1.0650000000          -0.8792271203
      0.4885000000          -0.2138306098
      0.2166000000           0.7842254682
      0.0925500000           0.2866213418
D    5   1.00
      7.6327000000           0.0279057812
      3.2876000000           0.0293683713
      1.4160000000           0.3030943731
      0.6099000000           0.5422799268
      0.2627000000           0.2640015406
****
