!----------------------------------------------------------------------
! Basis Set Exchange
! Version 0.11
! https://www.basissetexchange.org
!----------------------------------------------------------------------
!   Basis set: ano-pVTZ
! Description: ano-pVTZ
!        Role: orbital
!     Version: 1  (Data from supporting information)
!----------------------------------------------------------------------


Be     0
S    18   1.00
 139330.0000000000           0.0000048137
  26774.0000000000           0.0000292950
   6112.0000000000           0.0001696534
   1632.9000000000           0.0007837988
    503.0300000000           0.0030296604
    176.0300000000           0.0098688962
     68.9390000000           0.0273158639
     29.7680000000           0.0638839975
     13.9630000000           0.1244755331
      7.0090000000           0.1997945143
      3.7094000000           0.2603024986
      2.0392000000           0.2561166821
      1.1472000000           0.1602238386
      0.6507000000           0.0479172446
      0.3665900000           0.0040519380
      0.2021100000           0.0000553253
      0.1074200000          -0.0000146329
      0.0542310000           0.0000054228
S    19   1.00
 139330.0000000000           0.0000008966
  26774.0000000000           0.0000054566
   6112.0000000000           0.0000316042
   1632.9000000000           0.0001460945
    503.0300000000           0.0005655948
    176.0300000000           0.0018504976
     68.9390000000           0.0051738207
     29.7680000000           0.0123588076
     13.9630000000           0.0250209252
      7.0090000000           0.0429921324
      3.7094000000           0.0640053839
      2.0392000000           0.0837309282
      1.1472000000           0.0886004427
      0.6507000000           0.0453339368
      0.3665900000          -0.0774503499
      0.2021100000          -0.2769575079
      0.1074200000          -0.4532396096
      0.0542310000          -0.3011584730
      0.0256190000          -0.0331442139
S    19   1.00
 139330.0000000000          -0.0000013388
  26774.0000000000          -0.0000081449
   6112.0000000000          -0.0000472010
   1632.9000000000          -0.0002181144
    503.0300000000          -0.0008456379
    176.0300000000          -0.0027700998
     68.9390000000          -0.0078018669
     29.7680000000          -0.0188623345
     13.9630000000          -0.0393045895
      7.0090000000          -0.0686639537
      3.7094000000          -0.1016445025
      2.0392000000          -0.1297877375
      1.1472000000          -0.1780941635
      0.6507000000          -0.0475153109
      0.3665900000           0.7220485366
      0.2021100000           0.9937821087
      0.1074200000          -0.3707388758
      0.0542310000          -0.9022620370
      0.0256190000          -0.1163652246
P    8   1.00
     45.7000000000           0.0005598577
     10.6000000000           0.0049230936
      3.0800000000           0.0198821499
      1.2300000000           0.0394518210
      0.5100000000           0.1630602437
      0.2300000000           0.4111578133
      0.1060000000           0.4429347544
      0.0400000000           0.0688676460
****
