!----------------------------------------------------------------------
! Basis Set Exchange
! Version 0.11
! https://www.basissetexchange.org
!----------------------------------------------------------------------
!   Basis set: ano-pVTZ
! Description: ano-pVTZ
!        Role: orbital
!     Version: 1  (Data from supporting information)
!----------------------------------------------------------------------


Cl     0
S    20   1.00
6410000.0000000000           0.0000018134
 959600.0000000000           0.0000141111
 218300.0000000000           0.0000742369
  61810.0000000000           0.0003141152
  20140.0000000000           0.0011463623
   7264.0000000000           0.0037386909
   2832.0000000000           0.0110940777
   1175.0000000000           0.0301135997
    512.6000000000           0.0739105226
    233.0000000000           0.1582493814
    109.5000000000           0.2747350951
     52.8600000000           0.3340364624
     25.8400000000           0.2175597801
     12.1700000000           0.0457431155
      6.0300000000          -0.0000293391
      3.0120000000           0.0018350275
      1.5110000000          -0.0004445327
      0.6604000000          -0.0000776684
      0.2926000000          -0.0004587124
      0.1254000000          -0.0000940595
S    20   1.00
6410000.0000000000           0.0000005314
 959600.0000000000           0.0000041356
 218300.0000000000           0.0000217541
  61810.0000000000           0.0000921099
  20140.0000000000           0.0003363575
   7264.0000000000           0.0011004694
   2832.0000000000           0.0032848588
   1175.0000000000           0.0090573809
    512.6000000000           0.0229428466
    233.0000000000           0.0525801453
    109.5000000000           0.1042883588
     52.8600000000           0.1654622541
     25.8400000000           0.1540218392
     12.1700000000          -0.0738403143
      6.0300000000          -0.4640154060
      3.0120000000          -0.5674793085
      1.5110000000          -0.1905085616
      0.6604000000           0.1231404358
      0.2926000000           0.1814151436
      0.1254000000           0.0572888245
S    20   1.00
6410000.0000000000           0.0000000030
 959600.0000000000           0.0000000242
 218300.0000000000           0.0000001227
  61810.0000000000           0.0000005444
  20140.0000000000           0.0000018615
   7264.0000000000           0.0000064915
   2832.0000000000           0.0000171666
   1175.0000000000           0.0000496124
    512.6000000000           0.0000906845
    233.0000000000           0.0001672956
    109.5000000000          -0.0001520201
     52.8600000000          -0.0011870140
     25.8400000000          -0.0035702994
     12.1700000000           0.0044587752
      6.0300000000           0.0423049009
      3.0120000000           0.1729287178
      1.5110000000           0.0799121551
      0.6604000000          -0.4305627967
      0.2926000000          -0.5800768760
      0.1254000000          -0.1833322170
S    20   1.00
6410000.0000000000           0.0000001698
 959600.0000000000           0.0000013020
 218300.0000000000           0.0000069960
  61810.0000000000           0.0000288036
  20140.0000000000           0.0001089500
   7264.0000000000           0.0003415483
   2832.0000000000           0.0010740420
   1175.0000000000           0.0027892591
    512.6000000000           0.0076251234
    233.0000000000           0.0161014859
    109.5000000000           0.0362533789
     52.8600000000           0.0504717507
     25.8400000000           0.0667371854
     12.1700000000          -0.0617185781
      6.0300000000          -0.1249324583
      3.0120000000          -0.6046474562
      1.5110000000          -0.1783077760
      0.6604000000           2.1890408950
      0.2926000000          -0.8544231506
      0.1254000000          -0.8253035227
P    12   1.00
   2548.0000000000           0.0002357017
    603.7000000000           0.0020515799
    195.6000000000           0.0111543331
     74.1500000000           0.0439815972
     30.9400000000           0.1299942320
     13.6900000000           0.2729591832
      6.2290000000           0.3836904520
      2.8780000000           0.2918694533
      1.2820000000           0.0704461278
      0.5641000000           0.0012867770
      0.2348000000           0.0018296711
      0.0931200000           0.0000163527
P    12   1.00
   2548.0000000000           0.0000639499
    603.7000000000           0.0005569862
    195.6000000000           0.0030474869
     74.1500000000           0.0121470785
     30.9400000000           0.0368757425
     13.6900000000           0.0796346992
      6.2290000000           0.1179864705
      2.8780000000           0.0871432235
      1.2820000000          -0.1421012819
      0.5641000000          -0.4276857233
      0.2348000000          -0.4434172620
      0.0931200000          -0.1623961240
P    12   1.00
   2548.0000000000           0.0000792628
    603.7000000000           0.0007426379
    195.6000000000           0.0037825549
     74.1500000000           0.0163312278
     30.9400000000           0.0460944074
     13.6900000000           0.1119987183
      6.2290000000           0.1292753470
      2.8780000000           0.1725511490
      1.2820000000          -0.4628884187
      0.5641000000          -0.7987449671
      0.2348000000           0.6410531198
      0.0931200000           0.5328110609
D    4   1.00
      3.7810000000           0.0371180574
      1.5290000000           0.1719760944
      0.6180000000           0.5736769106
      0.2500000000           0.3728907832
****
