!----------------------------------------------------------------------
! Basis Set Exchange
! Version 0.11
! https://www.basissetexchange.org
!----------------------------------------------------------------------
!   Basis set: ano-pVTZ
! Description: ano-pVTZ
!        Role: orbital
!     Version: 1  (Data from supporting information)
!----------------------------------------------------------------------


Na     0
S    20   1.00
1918700.0000000000           0.0000027088
 287270.0000000000           0.0000210578
  65382.0000000000           0.0001107868
  18523.0000000000           0.0004675326
   6045.4000000000           0.0017013284
   2184.2000000000           0.0055150746
    853.1100000000           0.0162308700
    354.6900000000           0.0431395655
    155.3300000000           0.1014860232
     71.2340000000           0.1993943053
     33.8350000000           0.3087288958
     16.3490000000           0.3067052305
      8.0082000000           0.1380881578
      3.6713000000           0.0228929786
      1.7118000000           0.0132950975
      0.7914700000           0.0136239139
      0.3547900000           0.0037386766
      0.0906640000           0.0000744574
      0.0443130000          -0.0000095217
      0.0219480000           0.0000213706
S    21   1.00
1918700.0000000000           0.0000007485
 287270.0000000000           0.0000058177
  65382.0000000000           0.0000306178
  18523.0000000000           0.0001292259
   6045.4000000000           0.0004709708
   2184.2000000000           0.0015307346
    853.1100000000           0.0045412540
    354.6900000000           0.0122699314
    155.3300000000           0.0299593063
     71.2340000000           0.0633214284
     33.8350000000           0.1142954747
     16.3490000000           0.1541637857
      8.0082000000           0.0893386546
      3.6713000000          -0.1659774106
      1.7118000000          -0.4384235088
      0.7914700000          -0.4291049529
      0.3547900000          -0.1293167239
      0.0906640000           0.0004404906
      0.0443130000          -0.0024793949
      0.0219480000           0.0009626429
      0.0108210000          -0.0004041010
S    21   1.00
1918700.0000000000          -0.0000009121
 287270.0000000000          -0.0000070597
  65382.0000000000          -0.0000373862
  18523.0000000000          -0.0001565746
   6045.4000000000          -0.0005770453
   2184.2000000000          -0.0018576772
    853.1100000000          -0.0056416232
    354.6900000000          -0.0153304856
    155.3300000000          -0.0400233925
     71.2340000000          -0.0843610950
     33.8350000000          -0.1526565277
     16.3490000000          -0.2121931436
      8.0082000000          -0.1082608080
      3.6713000000           0.9474074884
      1.7118000000           0.7691961289
      0.7914700000          -0.9537883808
      0.3547900000          -0.5979001026
      0.0906640000           0.0463503976
      0.0443130000           0.2186199667
      0.0219480000           0.0803942641
      0.0108210000           0.0098346670
S    21   1.00
1918700.0000000000           0.0000001096
 287270.0000000000           0.0000008513
  65382.0000000000           0.0000044829
  18523.0000000000           0.0000189095
   6045.4000000000           0.0000689893
   2184.2000000000           0.0002241299
    853.1100000000           0.0006666895
    354.6900000000           0.0018044493
    155.3300000000           0.0044437500
     71.2340000000           0.0094931411
     33.8350000000           0.0176175702
     16.3490000000           0.0247238067
      8.0082000000           0.0150685595
      3.6713000000          -0.0326908857
      1.7118000000          -0.0905675951
      0.7914700000          -0.1275950087
      0.3547900000          -0.1221995181
      0.0906640000           0.2666159471
      0.0443130000           0.5622463461
      0.0219480000           0.2797583349
      0.0108210000           0.0184296293
P    15   1.00
   3044.2000000000           0.0000281041
    720.0200000000           0.0002565120
    234.4200000000           0.0014177652
     89.6660000000           0.0063916825
     36.6950000000           0.0231537137
     16.2560000000           0.0652632255
      7.6593000000           0.1440680587
      3.7125000000           0.2426572379
      1.7992000000           0.3066501458
      0.8628800000           0.2855229241
      0.4010400000           0.1569049195
      0.1775900000           0.0250223117
      0.0807000000           0.0009795285
      0.0367000000           0.0001433108
      0.0167000000           0.0000382855
****
