!----------------------------------------------------------------------
! Basis Set Exchange
! Version 0.11
! https://www.basissetexchange.org
!----------------------------------------------------------------------
!   Basis set: ano-pVTZ
! Description: ano-pVTZ
!        Role: orbital
!     Version: 1  (Data from supporting information)
!----------------------------------------------------------------------


Ne     0
S    16   1.00
 902400.0000000000           0.0000055071
 135100.0000000000           0.0000428234
  30750.0000000000           0.0002251425
   8710.0000000000           0.0009501602
   2842.0000000000           0.0034471885
   1026.0000000000           0.0111254471
    400.1000000000           0.0322056752
    165.9000000000           0.0825989133
     72.2100000000           0.1799056420
     32.6600000000           0.3060520777
     15.2200000000           0.3401255836
      7.1490000000           0.1761682211
      2.9570000000           0.0210152784
      1.3350000000          -0.0005074379
      0.5816000000           0.0010578574
      0.2463000000          -0.0000598773
S    16   1.00
 902400.0000000000           0.0000012963
 135100.0000000000           0.0000100690
  30750.0000000000           0.0000530405
   8710.0000000000           0.0002235171
   2842.0000000000           0.0008150559
   1026.0000000000           0.0026368822
    400.1000000000           0.0077760083
    165.9000000000           0.0204887059
     72.2100000000           0.0480966546
     32.6600000000           0.0935683962
     15.2200000000           0.1433560718
      7.1490000000           0.1021558762
      2.9570000000          -0.1629347673
      1.3350000000          -0.4466761688
      0.5816000000          -0.4258625122
      0.2463000000          -0.1303062944
S    16   1.00
 902400.0000000000          -0.0000016115
 135100.0000000000          -0.0000125800
  30750.0000000000          -0.0000657939
   8710.0000000000          -0.0002799674
   2842.0000000000          -0.0010092608
   1026.0000000000          -0.0033183047
    400.1000000000          -0.0096483669
    165.9000000000          -0.0261882549
     72.2100000000          -0.0609198166
     32.6600000000          -0.1260413906
     15.2200000000          -0.2054888974
      7.1490000000          -0.1719233603
      2.9570000000           0.8489060997
      1.3350000000           0.8131694566
      0.5816000000          -0.9018536884
      0.2463000000          -0.4999251190
P    10   1.00
    815.6000000000           0.0001847705
    193.3000000000           0.0015941093
     62.6000000000           0.0084653531
     23.6100000000           0.0324030611
      9.7620000000           0.0947184717
      4.2810000000           0.2026241681
      1.9150000000           0.3017949700
      0.8476000000           0.3231669759
      0.3660000000           0.2371385895
      0.1510000000           0.0791176295
P    10   1.00
    815.6000000000           0.0002554864
    193.3000000000           0.0022579163
     62.6000000000           0.0118809731
     23.6100000000           0.0469683102
      9.7620000000           0.1409600178
      4.2810000000           0.3822895707
      1.9150000000           0.4049571155
      0.8476000000          -0.2487725194
      0.3660000000          -0.5505559893
      0.1510000000          -0.2146565483
D    5   1.00
     13.3170000000           0.0247658998
      5.8030000000           0.1068765548
      2.5290000000           0.4205406931
      1.1020000000           0.4449468742
      0.4800000000           0.1908712837
****
