!----------------------------------------------------------------------
! Basis Set Exchange
! Version 0.11
! https://www.basissetexchange.org
!----------------------------------------------------------------------
!   Basis set: ano-pVTZ
! Description: ano-pVTZ
!        Role: orbital
!     Version: 1  (Data from supporting information)
!----------------------------------------------------------------------


S     0
S    21   1.00
6297000.0000000000           0.0000015921
 943100.0000000000           0.0000123599
 214900.0000000000           0.0000649159
  61250.0000000000           0.0002693326
  20450.0000000000           0.0009346034
   7719.0000000000           0.0028081493
   3198.0000000000           0.0076736278
   1402.0000000000           0.0198887182
    637.2000000000           0.0482561629
    298.9000000000           0.1057504175
    144.3000000000           0.2002096787
     71.2100000000           0.3007047557
     35.7300000000           0.2986548787
     17.9700000000           0.1463267075
      8.3410000000           0.0201597202
      4.1120000000          -0.0001027048
      2.0450000000           0.0011010907
      0.9770000000          -0.0003101426
      0.4766000000          -0.0001743228
      0.2185000000          -0.0004191457
      0.0975900000          -0.0000912518
S    21   1.00
6297000.0000000000           0.0000004382
 943100.0000000000           0.0000034001
 214900.0000000000           0.0000178707
  61250.0000000000           0.0000741041
  20450.0000000000           0.0002576639
   7719.0000000000           0.0007746516
   3198.0000000000           0.0021312954
   1402.0000000000           0.0055689211
    637.2000000000           0.0138537158
    298.9000000000           0.0316453111
    144.3000000000           0.0656714009
     71.2100000000           0.1163667541
     35.7300000000           0.1591288761
     17.9700000000           0.0941285220
      8.3410000000          -0.1869455747
      4.1120000000          -0.5017349200
      2.0450000000          -0.3954799564
      0.9770000000          -0.0732558993
      0.4766000000          -0.0061600338
      0.2185000000          -0.0086419404
      0.0975900000          -0.0021011099
S    21   1.00
6297000.0000000000           0.0000001350
 943100.0000000000           0.0000010473
 214900.0000000000           0.0000055054
  61250.0000000000           0.0000228258
  20450.0000000000           0.0000793897
   7719.0000000000           0.0002386496
   3198.0000000000           0.0006570998
   1402.0000000000           0.0017175837
    637.2000000000           0.0042826970
    298.9000000000           0.0098118258
    144.3000000000           0.0205253893
     71.2100000000           0.0368719010
     35.7300000000           0.0519727886
     17.9700000000           0.0318049495
      8.3410000000          -0.0692984997
      4.1120000000          -0.2299302040
      2.0450000000          -0.3169482049
      0.9770000000          -0.0159749150
      0.4766000000           0.4957998068
      0.2185000000           0.5502198982
      0.0975900000           0.1581023881
S    21   1.00
6297000.0000000000           0.0000001515
 943100.0000000000           0.0000011864
 214900.0000000000           0.0000061554
  61250.0000000000           0.0000259766
  20450.0000000000           0.0000882303
   7719.0000000000           0.0002737658
   3198.0000000000           0.0007237910
   1402.0000000000           0.0019883683
    637.2000000000           0.0046884897
    298.9000000000           0.0114963962
    144.3000000000           0.0223354902
     71.2100000000           0.0445622770
     35.7300000000           0.0556857997
     17.9700000000           0.0465569275
      8.3410000000          -0.1262555207
      4.1120000000          -0.2175452587
      2.0450000000          -0.6283016341
      0.9770000000           0.4241886575
      0.4766000000           1.7450512169
      0.2185000000          -0.8970414287
      0.0975900000          -0.7683501822
P    14   1.00
   5266.0000000000           0.0000522613
   1247.0000000000           0.0004635223
    405.0000000000           0.0026409857
    154.8000000000           0.0113168621
     65.3800000000           0.0384702429
     29.5900000000           0.1043389802
     14.0400000000           0.2156829406
      6.8240000000           0.3252583670
      3.3690000000           0.3261796946
      1.6660000000           0.1631472917
      0.7681000000           0.0238968197
      0.3504000000           0.0004741483
      0.1556000000           0.0007366333
      0.0668100000           0.0000198570
P    14   1.00
   5266.0000000000           0.0000134501
   1247.0000000000           0.0001188809
    405.0000000000           0.0006815660
    154.8000000000           0.0029222411
     65.3800000000           0.0100822376
     29.5900000000           0.0277819341
     14.0400000000           0.0593004576
      6.8240000000           0.0911250782
      3.3690000000           0.1004947289
      1.6660000000           0.0122559698
      0.7681000000          -0.2376634453
      0.3504000000          -0.4374524061
      0.1556000000          -0.3652713498
      0.0668100000          -0.1137546274
P    14   1.00
   5266.0000000000           0.0000154652
   1247.0000000000           0.0001408791
    405.0000000000           0.0007845892
    154.8000000000           0.0034675017
     65.3800000000           0.0116099085
     29.5900000000           0.0331206035
     14.0400000000           0.0693083831
      6.8240000000           0.1105846677
      3.3690000000           0.1084933001
      1.6660000000           0.0773246928
      0.7681000000          -0.7015469162
      0.3504000000          -0.4723029029
      0.1556000000           0.6913382861
      0.0668100000           0.4658323810
D    5   1.00
      5.0755000000           0.0251450138
      2.1833000000           0.0247353053
      0.9392000000           0.2922763872
      0.4040000000           0.5461216262
      0.1738000000           0.2745860461
****
