!----------------------------------------------------------------------
! Basis Set Exchange
! Version 0.11
! https://www.basissetexchange.org
!----------------------------------------------------------------------
!   Basis set: cc-pVTZ
! Description: cc-pVTZ
!        Role: orbital
!     Version: 1  (Data from ccRepo/Grant Hill)
!----------------------------------------------------------------------


Al     0
S    15   1.00
      2.055000D+05           6.788360D-05
      3.078000D+04           5.271490D-04
      7.006000D+03           2.762030D-03
      1.985000D+03           1.147280D-02
      6.491000D+02           3.981880D-02
      2.350000D+02           1.150400D-01
      9.162000D+01           2.608870D-01
      3.767000D+01           3.963860D-01
      1.591000D+01           2.845970D-01
      5.850000D+00           4.445830D-02
      2.542000D+00          -4.898380D-03
      1.057000D+00           2.612530D-03
      2.931000D-01          -1.089150D-03
      1.455000D-01           7.220680D-04
      5.650000D-02          -1.784850D-04
S    15   1.00
      2.055000D+05          -1.763770D-05
      3.078000D+04          -1.371950D-04
      7.006000D+03          -7.189100D-04
      1.985000D+03          -3.011460D-03
      6.491000D+02          -1.060140D-02
      2.350000D+02          -3.213450D-02
      9.162000D+01          -8.031560D-02
      3.767000D+01          -1.567940D-01
      1.591000D+01          -1.683760D-01
      5.850000D+00           1.268790D-01
      2.542000D+00           5.614940D-01
      1.057000D+00           4.366130D-01
      2.931000D-01           3.572930D-02
      1.455000D-01          -1.145630D-02
      5.650000D-02           2.202010D-03
S    1   1.00
      2.931000D-01           1.000000D+00
S    15   1.00
      2.055000D+05           4.073150D-06
      3.078000D+04           3.165660D-05
      7.006000D+03           1.661160D-04
      1.985000D+03           6.949920D-04
      6.491000D+02           2.455110D-03
      2.350000D+02           7.445980D-03
      9.162000D+01           1.882530D-02
      3.767000D+01           3.727720D-02
      1.591000D+01           4.194960D-02
      5.850000D+00          -3.543750D-02
      2.542000D+00          -1.751320D-01
      1.057000D+00          -2.762030D-01
      2.931000D-01           1.087290D-01
      1.455000D-01           6.528090D-01
      5.650000D-02           3.945870D-01
S    1   1.00
      5.650000D-02           1.000000D+00
P    9   1.00
      4.444000D+02           1.627860D-03
      1.051000D+02           1.306870D-02
      3.347000D+01           6.123410D-02
      1.233000D+01           1.878700D-01
      4.869000D+00           3.604520D-01
      1.961000D+00           4.084540D-01
      7.834000D-01           1.886400D-01
      1.888000D-01           9.765140D-03
      5.557000D-02          -1.150570D-03
P    1   1.00
      7.834000D-01           1.000000D+00
P    9   1.00
      4.444000D+02          -2.863410D-04
      1.051000D+02          -2.423080D-03
      3.347000D+01          -1.086580D-02
      1.233000D+01          -3.643070D-02
      4.869000D+00          -6.410740D-02
      1.961000D+00          -9.722390D-02
      7.834000D-01           1.474370D-02
      1.888000D-01           5.034480D-01
      5.557000D-02           5.979840D-01
P    1   1.00
      5.557000D-02           1.000000D+00
D    1   1.00
      3.330000D-01           1.000000D+00
D    1   1.00
      1.090000D-01           1.000000D+00
F    1   1.00
      2.440000D-01           1.0000000
****
