!----------------------------------------------------------------------
! Basis Set Exchange
! Version 0.11
! https://www.basissetexchange.org
!----------------------------------------------------------------------
!   Basis set: cc-pVTZ
! Description: cc-pVTZ
!        Role: orbital
!     Version: 1  (Data from ccRepo/Grant Hill)
!----------------------------------------------------------------------


Na     0
S    16   1.00
      4.230000D+05           1.806180D-05
      6.334000D+04           1.404300D-04
      1.441000D+04           7.384380D-04
      4.077000D+03           3.111820D-03
      1.328000D+03           1.120810D-02
      4.786000D+02           3.528280D-02
      1.862000D+02           9.598970D-02
      7.692000D+01           2.137350D-01
      3.332000D+01           3.486880D-01
      1.500000D+01           3.245660D-01
      6.869000D+00           1.126330D-01
      2.683000D+00           7.067970D-03
      1.109000D+00           5.980100D-04
      4.540000D-01           2.041300D-04
      6.015000D-02          -5.308700D-06
      2.382000D-02           1.826050D-06
S    16   1.00
      4.230000D+05          -4.406530D-06
      6.334000D+04          -3.434430D-05
      1.441000D+04          -1.801140D-04
      4.077000D+03          -7.639000D-04
      1.328000D+03          -2.752480D-03
      4.786000D+02          -8.860160D-03
      1.862000D+02          -2.479390D-02
      7.692000D+01          -6.059950D-02
      3.332000D+01          -1.164460D-01
      1.500000D+01          -1.624370D-01
      6.869000D+00          -4.388910D-02
      2.683000D+00           3.379170D-01
      1.109000D+00           5.613470D-01
      4.540000D-01           2.452400D-01
      6.015000D-02           4.067540D-03
      2.382000D-02          -1.267460D-03
S    1   1.00
      4.540000D-01           1.000000D+00
S    16   1.00
      4.230000D+05           6.630190D-07
      6.334000D+04           5.157690D-06
      1.441000D+04           2.712500D-05
      4.077000D+03           1.146350D-04
      1.328000D+03           4.151180D-04
      4.786000D+02           1.329780D-03
      1.862000D+02           3.755950D-03
      7.692000D+01           9.140250D-03
      3.332000D+01           1.798590D-02
      1.500000D+01           2.514770D-02
      6.869000D+00           7.635220D-03
      2.683000D+00          -6.145890D-02
      1.109000D+00          -1.157210D-01
      4.540000D-01          -1.589060D-01
      6.015000D-02           6.264060D-01
      2.382000D-02           4.754020D-01
S    1   1.00
      2.382000D-02           1.000000D+00
P    10   1.00
      2.433000D+02           2.243920D-03
      5.739000D+01           1.739970D-02
      1.810000D+01           7.741250D-02
      6.575000D+00           2.191020D-01
      2.521000D+00           3.785220D-01
      9.607000D-01           3.949020D-01
      3.512000D-01           1.604240D-01
      9.827000D-02           2.333110D-03
      3.734000D-02           1.995360D-03
      1.500000D-02          -7.773440D-04
P    1   1.00
      3.734000D-02           1.000000D+00
P    10   1.00
      2.433000D+02          -2.224010D-04
      5.739000D+01          -1.742770D-03
      1.810000D+01          -7.754560D-03
      6.575000D+00          -2.251870D-02
      2.521000D+00          -3.843300D-02
      9.607000D-01          -4.501770D-02
      3.512000D-01          -1.921320D-02
      9.827000D-02           1.826970D-01
      3.734000D-02           5.578970D-01
      1.500000D-02           3.730220D-01
P    1   1.00
      1.500000D-02           1.000000D+00
D    1   1.00
      1.473000D-01           1.000000D+00
D    1   1.00
      6.230000D-02           1.000000D+00
F    1   1.00
      1.284000D-01           1.0000000
****
