!----------------------------------------------------------------------
! Basis Set Exchange
! Version 0.11
! https://www.basissetexchange.org
!----------------------------------------------------------------------
!   Basis set: cc-pVTZ
! Description: cc-pVTZ
!        Role: orbital
!     Version: 1  (Data from ccRepo/Grant Hill)
!----------------------------------------------------------------------


P     0
S    15   1.00
      3.124000D+05           5.769600D-05
      4.680000D+04           4.482960D-04
      1.065000D+04           2.349390D-03
      3.018000D+03           9.782650D-03
      9.868000D+02           3.414670D-02
      3.574000D+02           1.002040D-01
      1.396000D+02           2.343720D-01
      5.763000D+01           3.824340D-01
      2.460000D+01           3.180880D-01
      1.012000D+01           7.077880D-02
      4.283000D+00          -1.817990D-03
      1.805000D+00           2.161800D-03
      6.158000D-01          -8.347420D-04
      2.782000D-01           4.322970D-04
      1.055000D-01          -1.142510D-04
S    15   1.00
      3.124000D+05          -1.567090D-05
      4.680000D+04          -1.217240D-04
      1.065000D+04          -6.396720D-04
      3.018000D+03          -2.674260D-03
      9.868000D+02          -9.498310D-03
      3.574000D+02          -2.893490D-02
      1.396000D+02          -7.451210D-02
      5.763000D+01          -1.499380D-01
      2.460000D+01          -1.894670D-01
      1.012000D+01           3.632700D-02
      4.283000D+00           5.288160D-01
      1.805000D+00           5.191150D-01
      6.158000D-01           6.055470D-02
      2.782000D-01          -9.256950D-03
      1.055000D-01           2.103720D-03
S    1   1.00
      6.158000D-01           1.000000D+00
S    15   1.00
      3.124000D+05           4.306310D-06
      4.680000D+04           3.341940D-05
      1.065000D+04           1.758850D-04
      3.018000D+03           7.343400D-04
      9.868000D+02           2.617750D-03
      3.574000D+02           7.978520D-03
      1.396000D+02           2.079400D-02
      5.763000D+01           4.244460D-02
      2.460000D+01           5.634360D-02
      1.012000D+01          -1.273580D-02
      4.283000D+00          -1.964950D-01
      1.805000D+00          -3.535550D-01
      6.158000D-01           7.414070D-02
      2.782000D-01           7.009120D-01
      1.055000D-01           4.047390D-01
S    1   1.00
      1.055000D-01           1.000000D+00
P    9   1.00
      5.049000D+02           2.337280D-03
      1.194000D+02           1.854100D-02
      3.796000D+01           8.496930D-02
      1.395000D+01           2.446150D-01
      5.457000D+00           4.227660D-01
      2.177000D+00           3.684390D-01
      8.010000D-01           7.727340D-02
      2.877000D-01          -3.790050D-03
      9.714000D-02           1.599390D-03
P    1   1.00
      8.010000D-01           1.000000D+00
P    9   1.00
      5.049000D+02          -5.552360D-04
      1.194000D+02          -4.459130D-03
      3.796000D+01          -2.063500D-02
      1.395000D+01          -6.176940D-02
      5.457000D+00          -1.089240D-01
      2.177000D+00          -1.055990D-01
      8.010000D-01           1.534830D-01
      2.877000D-01           5.769810D-01
      9.714000D-02           4.224390D-01
P    1   1.00
      9.714000D-02           1.000000D+00
D    1   1.00
      6.520000D-01           1.000000D+00
D    1   1.00
      2.160000D-01           1.000000D+00
F    1   1.00
      4.520000D-01           1.0000000
****
