!----------------------------------------------------------------------
! Basis Set Exchange
! Version 0.11
! https://www.basissetexchange.org
!----------------------------------------------------------------------
!   Basis set: cc-pVTZ
! Description: cc-pVTZ
!        Role: orbital
!     Version: 1  (Data from ccRepo/Grant Hill)
!----------------------------------------------------------------------


Si     0
S    15   1.00
      2.549000D+05           6.251010D-05
      3.819000D+04           4.855530D-04
      8.690000D+03           2.545160D-03
      2.462000D+03           1.058660D-02
      8.048000D+02           3.687870D-02
      2.913000D+02           1.074790D-01
      1.136000D+02           2.479360D-01
      4.675000D+01           3.909270D-01
      1.982000D+01           3.020260D-01
      7.708000D+00           5.592360D-02
      3.340000D+00          -4.024060D-03
      1.402000D+00           2.580300D-03
      4.387000D-01          -1.038210D-03
      2.070000D-01           6.079300D-04
      7.944000D-02          -1.540220D-04
S    15   1.00
      2.549000D+05          -1.663700D-05
      3.819000D+04          -1.293100D-04
      8.690000D+03          -6.788280D-04
      2.462000D+03          -2.841170D-03
      8.048000D+02          -1.005510D-02
      2.913000D+02          -3.057740D-02
      1.136000D+02          -7.772560D-02
      4.675000D+01          -1.542360D-01
      1.982000D+01          -1.803680D-01
      7.708000D+00           7.982180D-02
      3.340000D+00           5.474410D-01
      1.402000D+00           4.801190D-01
      4.387000D-01           4.748460D-02
      2.070000D-01          -1.069960D-02
      7.944000D-02           2.198710D-03
S    1   1.00
      4.387000D-01           1.000000D+00
S    15   1.00
      2.549000D+05           4.262570D-06
      3.819000D+04           3.310620D-05
      8.690000D+03           1.740150D-04
      2.462000D+03           7.275740D-04
      8.048000D+02           2.583330D-03
      2.913000D+02           7.863540D-03
      1.136000D+02           2.021550D-02
      4.675000D+01           4.073200D-02
      1.982000D+01           4.993580D-02
      7.708000D+00          -2.493960D-02
      3.340000D+00          -1.903500D-01
      1.402000D+00          -3.183500D-01
      4.387000D-01           9.480360D-02
      2.070000D-01           6.811800D-01
      7.944000D-02           3.956720D-01
S    1   1.00
      7.944000D-02           1.000000D+00
P    9   1.00
      4.815000D+02           1.920450D-03
      1.139000D+02           1.535520D-02
      3.623000D+01           7.139910D-02
      1.334000D+01           2.130520D-01
      5.252000D+00           3.903540D-01
      2.120000D+00           3.937210D-01
      8.561000D-01           1.325650D-01
      2.528000D-01           3.956300D-03
      7.889000D-02           3.316240D-04
P    1   1.00
      8.561000D-01           1.000000D+00
P    9   1.00
      4.815000D+02          -4.052200D-04
      1.139000D+02          -3.358960D-03
      3.623000D+01          -1.528600D-02
      1.334000D+01          -4.892180D-02
      5.252000D+00          -8.550080D-02
      2.120000D+00          -1.121370D-01
      8.561000D-01           6.182740D-02
      2.528000D-01           5.519190D-01
      7.889000D-02           5.234920D-01
P    1   1.00
      7.889000D-02           1.000000D+00
D    1   1.00
      4.810000D-01           1.000000D+00
D    1   1.00
      1.590000D-01           1.000000D+00
F    1   1.00
      3.360000D-01           1.0000000
****
