!----------------------------------------------------------------------
! Basis Set Exchange
! Version 0.11
! https://www.basissetexchange.org
!----------------------------------------------------------------------
!   Basis set: ano-pVDZ
! Description: ano-pVDZ
!        Role: orbital
!     Version: 1  (Data from supporting information)
!----------------------------------------------------------------------


C     0
S    16   1.00
 312100.0000000000           0.0000056888
  46740.0000000000           0.0000442122
  10640.0000000000           0.0002324717
   3013.0000000000           0.0009813983
    982.8000000000           0.0035604858
    354.8000000000           0.0114692478
    138.4000000000           0.0330825487
     57.3500000000           0.0842739202
     24.9200000000           0.1811835207
     11.2300000000           0.3058726609
      5.2010000000           0.3428996624
      2.4260000000           0.1785203122
      0.9673000000           0.0174929057
      0.4456000000          -0.0069381856
      0.1971000000          -0.0045895926
      0.0863500000          -0.0017787010
S    16   1.00
 312100.0000000000           0.0000011517
  46740.0000000000           0.0000089401
  10640.0000000000           0.0000471067
   3013.0000000000           0.0001985305
    982.8000000000           0.0007241159
    354.8000000000           0.0023373031
    138.4000000000           0.0068692727
     57.3500000000           0.0179514067
     24.9200000000           0.0414871653
     11.2300000000           0.0795916232
      5.2010000000           0.1258249776
      2.4260000000           0.1068228241
      0.9673000000          -0.1286390810
      0.4456000000          -0.4398665406
      0.1971000000          -0.4462025705
      0.0863500000          -0.1396137797
S    16   1.00
 312100.0000000000           0.0000014615
  46740.0000000000           0.0000113996
  10640.0000000000           0.0000596491
   3013.0000000000           0.0002537561
    982.8000000000           0.0009151876
    354.8000000000           0.0029997075
    138.4000000000           0.0086902270
     57.3500000000           0.0233513200
     24.9200000000           0.0532963047
     11.2300000000           0.1071421338
      5.2010000000           0.1715711640
      2.4260000000           0.1810506143
      0.9673000000          -0.6618969705
      0.4456000000          -0.9413749900
      0.1971000000           0.6896636760
      0.0863500000           0.7079116403
P    10   1.00
    295.2000000000           0.0001429536
     69.9800000000           0.0012248907
     22.6400000000           0.0063589239
      8.4850000000           0.0235884808
      3.4590000000           0.0696777731
      1.5040000000           0.1664464149
      0.6783000000           0.2933564994
      0.3087000000           0.3512017572
      0.1400000000           0.2563868868
      0.0617800000           0.0762169165
P    10   1.00
    295.2000000000           0.0001641191
     69.9800000000           0.0015014551
     22.6400000000           0.0073769191
      8.4850000000           0.0284317842
      3.4590000000           0.0674783713
      1.5040000000           0.2857591239
      0.6783000000           0.5586074972
      0.3087000000          -0.0898519083
      0.1400000000          -0.6546507650
      0.0617800000          -0.2604391448
D    5   1.00
      4.5420000000           0.0143889048
      1.9790000000           0.0713989420
      0.8621000000           0.3570760522
      0.3756000000           0.4803354126
      0.1636000000           0.2551176449
****
