!----------------------------------------------------------------------
! Basis Set Exchange
! Version 0.11
! https://www.basissetexchange.org
!----------------------------------------------------------------------
!   Basis set: ano-pVDZ
! Description: ano-pVDZ
!        Role: orbital
!     Version: 1  (Data from supporting information)
!----------------------------------------------------------------------


F     0
S    16   1.00
 723500.0000000000           0.0000055553
 108400.0000000000           0.0000431553
  24680.0000000000           0.0002268882
   6990.0000000000           0.0009575524
   2282.0000000000           0.0034684130
    824.6000000000           0.0111796501
    321.8000000000           0.0323122990
    133.5000000000           0.0827520288
     58.1100000000           0.1797788209
     26.2800000000           0.3053815712
     12.2400000000           0.3399668832
      5.7470000000           0.1764600805
      2.3650000000           0.0211818400
      1.0710000000           0.0002018100
      0.4681000000           0.0020122870
      0.1994000000           0.0001869180
S    16   1.00
 723500.0000000000           0.0000013026
 108400.0000000000           0.0000101077
  24680.0000000000           0.0000532435
   6990.0000000000           0.0002243797
   2282.0000000000           0.0008168400
    824.6000000000           0.0026390477
    321.8000000000           0.0077680664
    133.5000000000           0.0204244295
     58.1100000000           0.0477452371
     26.2800000000           0.0924737947
     12.2400000000           0.1419594377
      5.7470000000           0.1040673447
      2.3650000000          -0.1571528412
      1.0710000000          -0.4453843402
      0.4681000000          -0.4282969012
      0.1994000000          -0.1334229001
S    16   1.00
 723500.0000000000          -0.0000015812
 108400.0000000000          -0.0000123348
  24680.0000000000          -0.0000644826
   6990.0000000000          -0.0002745547
   2282.0000000000          -0.0009873826
    824.6000000000          -0.0032450794
    321.8000000000          -0.0094085579
    133.5000000000          -0.0255267961
     58.1100000000          -0.0590490461
     26.2800000000          -0.1218295932
     12.2400000000          -0.1971062346
      5.7470000000          -0.1743133493
      2.3650000000           0.8011339277
      1.0710000000           0.8433478026
      0.4681000000          -0.8437666826
      0.1994000000          -0.5565415269
P    10   1.00
    660.0000000000           0.0001782292
    156.4000000000           0.0015363519
     50.6400000000           0.0081228434
     19.0800000000           0.0309453269
      7.8720000000           0.0908038263
      3.4490000000           0.1976141799
      1.5450000000           0.3005906180
      0.6864000000           0.3264224499
      0.2986000000           0.2396685264
      0.1245000000           0.0812040964
P    10   1.00
    660.0000000000           0.0002343478
    156.4000000000           0.0020724260
     50.6400000000           0.0108206813
     19.0800000000           0.0423975838
      7.8720000000           0.1252617416
      3.4490000000           0.3557554018
      1.5450000000           0.4260597814
      0.6864000000          -0.1962653428
      0.2986000000          -0.5539365531
      0.1245000000          -0.2621522640
D    5   1.00
     10.5730000000           0.0227863167
      4.6130000000           0.1014701669
      2.0130000000           0.4106536839
      0.8780000000           0.4490885351
      0.3830000000           0.2033548260
****
