!----------------------------------------------------------------------
! Basis Set Exchange
! Version 0.11
! https://www.basissetexchange.org
!----------------------------------------------------------------------
!   Basis set: ano-pVDZ
! Description: ano-pVDZ
!        Role: orbital
!     Version: 1  (Data from supporting information)
!----------------------------------------------------------------------


Li     0
S    19   1.00
  70681.0000000000           0.0000053236
  13594.0000000000           0.0000323747
   3100.4000000000           0.0001879603
    826.4600000000           0.0008712219
    253.7600000000           0.0033836700
     88.4510000000           0.0110494789
     34.4930000000           0.0305955979
     14.8310000000           0.0707341149
      6.9299000000           0.1345557163
      3.4678000000           0.2069615916
      1.8316000000           0.2591085719
      1.0063000000           0.2468661567
      0.5667800000           0.1501162290
      0.3225400000           0.0448272557
      0.1827700000           0.0035755287
      0.1016400000           0.0003154609
      0.0546660000           0.0005366220
      0.0280250000           0.0004574244
      0.0134970000           0.0000471593
S    19   1.00
  70681.0000000000           0.0000080423
  13594.0000000000           0.0000490032
   3100.4000000000           0.0002842400
    826.4600000000           0.0013265029
    253.7600000000           0.0052097294
     88.4510000000           0.0179882238
     34.4930000000           0.0571974540
     14.8310000000           0.1782581630
      6.9299000000           0.4298970134
      3.4678000000           0.4508658275
      1.8316000000          -0.0371352880
      1.0063000000          -0.4872120993
      0.5667800000          -0.4627668553
      0.3225400000          -0.1601289845
      0.1827700000          -0.0116236967
      0.1016400000           0.0661103743
      0.0546660000           0.1351321962
      0.0280250000           0.1047064237
      0.0134970000           0.0116751457
S    19   1.00
  70681.0000000000           0.0000008577
  13594.0000000000           0.0000052160
   3100.4000000000           0.0000302866
    826.4600000000           0.0001404588
    253.7600000000           0.0005463525
     88.4510000000           0.0017918661
     34.4930000000           0.0050120074
     14.8310000000           0.0118375809
      6.9299000000           0.0233643106
      3.4678000000           0.0381867406
      1.8316000000           0.0536789047
      1.0063000000           0.0683347487
      0.5667800000           0.0749471861
      0.3225400000           0.0592482250
      0.1827700000          -0.0260749945
      0.1016400000          -0.2220432444
      0.0546660000          -0.4734515860
      0.0280250000          -0.3620754465
      0.0134970000          -0.0407343934
P    8   1.00
     28.5000000000           0.0189870192
      6.6400000000           0.3141072757
      1.9200000000           0.6617276623
      0.7700000000           0.0886066288
      0.3200000000           0.1156570486
      0.1500000000          -0.0647171322
      0.0660000000           0.0269408101
      0.0250000000          -0.0074775714
****
