!----------------------------------------------------------------------
! Basis Set Exchange
! Version 0.11
! https://www.basissetexchange.org
!----------------------------------------------------------------------
!   Basis set: ano-pVDZ
! Description: ano-pVDZ
!        Role: orbital
!     Version: 1  (Data from supporting information)
!----------------------------------------------------------------------


P     0
S    21   1.00
5384000.0000000000           0.0000016457
 806200.0000000000           0.0000127815
 183600.0000000000           0.0000672065
  52250.0000000000           0.0002797109
  17390.0000000000           0.0009766998
   6523.0000000000           0.0029683492
   2687.0000000000           0.0081239977
   1178.0000000000           0.0209200106
    536.2000000000           0.0505590328
    251.5000000000           0.1104791033
    121.3000000000           0.2069569123
     59.8800000000           0.3047373414
     30.0500000000           0.2929523106
     15.1200000000           0.1355607116
      7.0100000000           0.0173207816
      3.4410000000          -0.0000351698
      1.7120000000           0.0008032620
      0.8337000000          -0.0002438395
      0.3912000000           0.0000987220
      0.1777000000          -0.0000512279
      0.0793900000           0.0000100911
S    20   1.00
5384000.0000000000           0.0000004469
 806200.0000000000           0.0000034695
 183600.0000000000           0.0000182569
  52250.0000000000           0.0000759386
  17390.0000000000           0.0002657236
   6523.0000000000           0.0008080453
   2687.0000000000           0.0022273283
   1178.0000000000           0.0057833199
    536.2000000000           0.0143437812
    251.5000000000           0.0327060584
    121.3000000000           0.0673715266
     59.8800000000           0.1176471371
     30.0500000000           0.1572798118
     15.1200000000           0.0838541752
      7.0100000000          -0.1997171854
      3.4410000000          -0.4986030336
      1.7120000000          -0.3898171231
      0.8337000000          -0.0743425810
      0.3912000000          -0.0007367752
      0.1777000000          -0.0009261894
S    21   1.00
5384000.0000000000           0.0000001233
 806200.0000000000           0.0000009570
 183600.0000000000           0.0000050356
  52250.0000000000           0.0000209489
  17390.0000000000           0.0000732948
   6523.0000000000           0.0002229871
   2687.0000000000           0.0006147004
   1178.0000000000           0.0015982748
    536.2000000000           0.0039699165
    251.5000000000           0.0090937104
    121.3000000000           0.0188701405
     59.8800000000           0.0335159167
     30.0500000000           0.0461471119
     15.1200000000           0.0256075836
      7.0100000000          -0.0673395749
      3.4410000000          -0.2038094414
      1.7120000000          -0.2883032752
      0.8337000000          -0.0407361705
      0.3912000000           0.4713076887
      0.1777000000           0.5659660071
      0.0793900000           0.1702693605
S    21   1.00
5384000.0000000000           0.0000001526
 806200.0000000000           0.0000011946
 183600.0000000000           0.0000062114
  52250.0000000000           0.0000262588
  17390.0000000000           0.0000899315
   6523.0000000000           0.0002814550
   2687.0000000000           0.0007481310
   1178.0000000000           0.0020348735
    536.2000000000           0.0048018560
    251.5000000000           0.0117025222
    121.3000000000           0.0226723683
     59.8800000000           0.0443417480
     30.0500000000           0.0542824195
     15.1200000000           0.0413471455
      7.0100000000          -0.1274586979
      3.4410000000          -0.2161431174
      1.7120000000          -0.5952197935
      0.8337000000           0.3712623750
      0.3912000000           1.7272055910
      0.1777000000          -0.8075089899
      0.0793900000          -0.8027687020
P    14   1.00
   4552.0000000000           0.0000519530
   1078.0000000000           0.0004604024
    350.1000000000           0.0026208164
    133.8000000000           0.0111872441
     56.5200000000           0.0378228974
     25.5800000000           0.1021163975
     12.1400000000           0.2103137453
      5.9020000000           0.3173823797
      2.9100000000           0.3271640365
      1.4350000000           0.1776869820
      0.6570000000           0.0293588218
      0.3005000000          -0.0000752283
      0.1340000000           0.0006795891
      0.0578300000          -0.0001259461
P    14   1.00
   4552.0000000000           0.0000125053
   1078.0000000000           0.0001106415
    350.1000000000           0.0006324495
    133.8000000000           0.0027051340
     56.5200000000           0.0092564586
     25.5800000000           0.0254006335
     12.1400000000           0.0537628786
      5.9020000000           0.0825945281
      2.9100000000           0.0926223095
      1.4350000000           0.0309116256
      0.6570000000          -0.1930952447
      0.3005000000          -0.4363625520
      0.1340000000          -0.4008800592
      0.0578300000          -0.1220492925
P    14   1.00
   4552.0000000000           0.0000155755
   1078.0000000000           0.0001422935
    350.1000000000           0.0007886088
    133.8000000000           0.0034835891
     56.5200000000           0.0115313768
     25.5800000000           0.0327400156
     12.1400000000           0.0676387623
      5.9020000000           0.1100021755
      2.9100000000           0.1118379956
      1.4350000000           0.1082446644
      0.6570000000          -0.6884915103
      0.3005000000          -0.5895119846
      0.1340000000           0.7746977189
      0.0578300000           0.4128842454
D    5   1.00
      4.3008000000           0.0212636418
      1.8346000000           0.0188050678
      0.7826000000           0.2647976295
      0.3339000000           0.5535103472
      0.1424000000           0.3004340001
****
