!----------------------------------------------------------------------
! Basis Set Exchange
! Version 0.11
! https://www.basissetexchange.org
!----------------------------------------------------------------------
!   Basis set: aug-ano-pV5Z
! Description: aug-ano-pV5Z
!        Role: orbital
!     Version: 1  (Data from supporting information)
!----------------------------------------------------------------------


B     0
S    16   1.00
 210400.0000000000           0.0000058419
  31500.0000000000           0.0000454146
   7169.0000000000           0.0002389029
   2030.0000000000           0.0010079000
    662.5000000000           0.0036529523
    239.2000000000           0.0117622375
     93.2600000000           0.0338828343
     38.6400000000           0.0857657026
     16.7800000000           0.1830564860
      7.5410000000           0.3066666848
      3.4820000000           0.3420305417
      1.6180000000           0.1767395801
      0.6270000000           0.0161871420
      0.2934000000          -0.0072524426
      0.1310000000          -0.0045661166
      0.0581500000          -0.0017393129
S    16   1.00
 210400.0000000000          -0.0000202005
  31500.0000000000           0.0000239796
   7169.0000000000          -0.0012552519
   2030.0000000000           0.0023532387
    662.5000000000          -0.0270215113
    239.2000000000           0.0469196822
     93.2600000000          -0.4161483479
     38.6400000000           0.2090913713
     16.7800000000          -3.1632400588
      7.5410000000           8.6590956772
      3.4820000000         -10.9028216198
      1.6180000000           8.2871752209
      0.6270000000          -5.5372446557
      0.2934000000           3.9306917586
      0.1310000000          -1.9214720992
      0.0581500000           0.5521645899
S    16   1.00
 210400.0000000000          -0.0000057447
  31500.0000000000          -0.0000969234
   7169.0000000000          -0.0001129120
   2030.0000000000          -0.0027041986
    662.5000000000           0.0001869577
    239.2000000000          -0.0412446501
     93.2600000000           0.0069192909
     38.6400000000          -0.5477804544
     16.7800000000           0.1440805521
      7.5410000000          -2.3417920777
      3.4820000000           7.1860213790
      1.6180000000          -8.4851725393
      0.6270000000           7.6013202046
      0.2934000000          -6.1574402006
      0.1310000000           3.2834314225
      0.0581500000          -0.9964828716
S    16   1.00
 210400.0000000000           0.0000011280
  31500.0000000000           0.0000087607
   7169.0000000000           0.0000461618
   2030.0000000000           0.0001945321
    662.5000000000           0.0007082580
    239.2000000000           0.0022868566
     93.2600000000           0.0067020510
     38.6400000000           0.0174065585
     16.7800000000           0.0397538712
      7.5410000000           0.0754768239
      3.4820000000           0.1190307837
      1.6180000000           0.1092470410
      0.6270000000          -0.1137525839
      0.2934000000          -0.4401365807
      0.1310000000          -0.4644885380
      0.0581500000          -0.1275880120
S    16   1.00
 210400.0000000000          -0.0000015351
  31500.0000000000          -0.0000119591
   7169.0000000000          -0.0000627416
   2030.0000000000          -0.0002659788
    662.5000000000          -0.0009617749
    239.2000000000          -0.0031373676
     93.2600000000          -0.0091280070
     38.6400000000          -0.0242286332
     16.7800000000          -0.0553385063
      7.5410000000          -0.1084827858
      3.4820000000          -0.1748472341
      1.6180000000          -0.1931910158
      0.6270000000           0.7386485838
      0.2934000000           0.9645338675
      0.1310000000          -0.8678854847
      0.0581500000          -0.5839131756
S    16   1.00
 210400.0000000000          -0.0000036753
  31500.0000000000          -0.0000356254
   7169.0000000000          -0.0001339592
   2030.0000000000          -0.0008667998
    662.5000000000          -0.0018094999
    239.2000000000          -0.0115654349
     93.2600000000          -0.0175463280
     38.6400000000          -0.1249642381
     16.7800000000          -0.1471585281
      7.5410000000          -0.4530702707
      3.4820000000          -0.5434071167
      1.6180000000           4.2335247737
      0.6270000000          -8.3448176958
      0.2934000000           9.5853054683
      0.1310000000          -6.4542764763
      0.0581500000           2.2622350603
S    16   1.00
 210400.0000000000          -0.0000021841
  31500.0000000000          -0.0000156486
   7169.0000000000          -0.0000925055
   2030.0000000000          -0.0003342419
    662.5000000000          -0.0014757077
    239.2000000000          -0.0037751752
     93.2600000000          -0.0148890871
     38.6400000000          -0.0286407849
     16.7800000000          -0.1044732073
      7.5410000000          -0.1095604096
      3.4820000000          -0.4185836888
      1.6180000000           0.1397561796
      0.6270000000           2.4048770835
      0.2934000000          -2.2319225539
      0.1310000000          -0.8640371769
      0.0581500000           1.4552578987
S    16   1.00
 210400.0000000000          -0.0000034313
  31500.0000000000          -0.0000165650
   7169.0000000000          -0.0001642701
   2030.0000000000          -0.0002650448
    662.5000000000          -0.0029385495
    239.2000000000          -0.0018059957
     93.2600000000          -0.0338745619
     38.6400000000          -0.0064035646
     16.7800000000          -0.2872664522
      7.5410000000           0.1881005838
      3.4820000000          -1.4944364811
      1.6180000000           2.8349011974
      0.6270000000          -0.5146516720
      0.2934000000          -3.4466118722
      0.1310000000           4.8050158396
      0.0581500000          -2.3584382381
P    10   1.00
    192.5000000000           0.0001348580
     45.6400000000           0.0011483171
     14.7500000000           0.0058428161
      5.5030000000           0.0210758283
      2.2220000000           0.0611960100
      0.9590000000           0.1530710758
      0.4314000000           0.2943241620
      0.1969000000           0.3642704356
      0.0903300000           0.2585309237
      0.0406600000           0.0717053089
P    10   1.00
    192.5000000000           0.0010432059
     45.6400000000           0.0044632512
     14.7500000000           0.0536397550
      5.5030000000           0.1261613927
      2.2220000000           0.9883454010
      0.9590000000          -0.3582380255
      0.4314000000          -1.6849406258
      0.1969000000           2.1153985181
      0.0903300000          -0.6270340821
      0.0406600000          -0.3782393192
P    10   1.00
    192.5000000000           0.0003902960
     45.6400000000           0.0035872388
     14.7500000000           0.0181614638
      5.5030000000           0.0780319375
      2.2220000000           0.2455412103
      0.9590000000           0.8296400722
      0.4314000000          -0.2884445870
      0.1969000000          -1.1575765444
      0.0903300000           0.5478083327
      0.0406600000           0.3678908853
P    10   1.00
    192.5000000000          -0.0004745444
     45.6400000000          -0.0125079161
     14.7500000000          -0.0322660121
      5.5030000000          -0.3228209435
      2.2220000000          -1.2009482498
      0.9590000000           3.4493678505
      0.4314000000          -3.8503887841
      0.1969000000           1.9924574009
      0.0903300000           0.2158482623
      0.0406600000          -0.7195314073
P    10   1.00
    192.5000000000           0.0001038119
     45.6400000000           0.0010029799
     14.7500000000           0.0044027503
      5.5030000000           0.0159590908
      2.2220000000           0.0140866372
      0.9590000000           0.2036025057
      0.4314000000           0.6405610720
      0.1969000000           0.0138043328
      0.0903300000          -0.7239551491
      0.0406600000          -0.2861547514
P    10   1.00
    192.5000000000          -0.0022978230
     45.6400000000           0.0656933598
     14.7500000000          -0.0326191252
      5.5030000000           1.3674785441
      2.2220000000          -1.9572648008
      0.9590000000           0.8698728556
      0.4314000000           1.1976019004
      0.1969000000          -3.0559032713
      0.0903300000           3.3635251502
      0.0406600000          -1.7311948671
D    5   1.00
      2.8860000000           1.7991082513
      1.2670000000          -2.8142283350
      0.5560000000           2.5895482781
      0.2440000000          -1.7468009538
      0.1070000000           0.7066428553
D    5   1.00
      2.8860000000           0.0124864080
      1.2670000000           0.0646166325
      0.5560000000           0.3523640343
      0.2440000000           0.4918272179
      0.1070000000           0.2485231797
D    5   1.00
      2.8860000000          -0.0449367119
      1.2670000000           0.2536987512
      0.5560000000           0.8659247615
      0.2440000000          -0.4512434011
      0.1070000000          -0.5802493218
D    5   1.00
      2.8860000000           0.0239872609
      1.2670000000           1.0910574583
      0.5560000000          -0.5441996671
      0.2440000000          -0.8762087198
      0.1070000000           0.9725242151
D    5   1.00
      2.8860000000           0.5114007942
      1.2670000000           0.6936173357
      0.5560000000          -2.0711740047
      0.2440000000           2.3187251759
      0.1070000000          -1.2837434837
F    4   1.00
      1.6510000000           0.0261389620
      0.8002000000           0.3045935590
      0.3878000000           0.4978105649
      0.1880000000           0.3215186188
F    4   1.00
      1.6510000000           0.0986227066
      0.8002000000           0.9671825673
      0.3878000000          -0.3135328458
      0.1880000000          -0.6475087045
F    4   1.00
      1.6510000000           1.6513523183
      0.8002000000          -2.8218808784
      0.3878000000           2.5983744695
      0.1880000000          -1.2691926794
F    4   1.00
      1.6510000000           0.8586208597
      0.8002000000           0.0325467975
      0.3878000000          -1.3776501444
      0.1880000000           1.1589533737
G    3   1.00
      1.6469000000           1.4962041528
      0.7889000000          -1.8469383669
      0.3779000000           0.9805088846
G    3   1.00
      1.6469000000           0.0446231359
      0.7889000000           0.5027625427
      0.3779000000           0.5581657018
G    3   1.00
      1.6469000000           0.4031538746
      0.7889000000           0.8256684228
      0.3779000000          -1.0631117568
H    2   1.00
      1.3120000000           1.2023555335
      0.5806000000          -0.9547790018
H    2   1.00
      1.3120000000           0.3025265529
      0.5806000000           0.7909350174
****
