!----------------------------------------------------------------------
! Basis Set Exchange
! Version 0.11
! https://www.basissetexchange.org
!----------------------------------------------------------------------
!   Basis set: ano-pV5Z
! Description: ano-pV5Z
!        Role: orbital
!     Version: 1  (Data from supporting information)
!----------------------------------------------------------------------


Be     0
S    18   1.00
 139330.0000000000           0.0000048137
  26774.0000000000           0.0000292950
   6112.0000000000           0.0001696534
   1632.9000000000           0.0007837988
    503.0300000000           0.0030296604
    176.0300000000           0.0098688962
     68.9390000000           0.0273158639
     29.7680000000           0.0638839975
     13.9630000000           0.1244755331
      7.0090000000           0.1997945143
      3.7094000000           0.2603024986
      2.0392000000           0.2561166821
      1.1472000000           0.1602238386
      0.6507000000           0.0479172446
      0.3665900000           0.0040519380
      0.2021100000           0.0000553253
      0.1074200000          -0.0000146329
      0.0542310000           0.0000054228
S    19   1.00
 139330.0000000000           0.0000008966
  26774.0000000000           0.0000054566
   6112.0000000000           0.0000316042
   1632.9000000000           0.0001460945
    503.0300000000           0.0005655948
    176.0300000000           0.0018504976
     68.9390000000           0.0051738207
     29.7680000000           0.0123588076
     13.9630000000           0.0250209252
      7.0090000000           0.0429921324
      3.7094000000           0.0640053839
      2.0392000000           0.0837309282
      1.1472000000           0.0886004427
      0.6507000000           0.0453339368
      0.3665900000          -0.0774503499
      0.2021100000          -0.2769575079
      0.1074200000          -0.4532396096
      0.0542310000          -0.3011584730
      0.0256190000          -0.0331442139
S    19   1.00
 139330.0000000000          -0.0000051278
  26774.0000000000          -0.0000338900
   6112.0000000000          -0.0001772468
   1632.9000000000          -0.0009282333
    503.0300000000          -0.0031554392
    176.0300000000          -0.0132523782
     68.9390000000          -0.0356672415
     29.7680000000          -0.1609112603
     13.9630000000          -0.2911917478
      7.0090000000          -0.4600993341
      3.7094000000           1.0328625887
      2.0392000000          -3.5414757242
      1.1472000000          11.8030339735
      0.6507000000         -15.8742871237
      0.3665900000           7.6224133390
      0.2021100000           3.2819422486
      0.1074200000          -5.7358032246
      0.0542310000           2.1040068560
      0.0256190000           0.1687443682
S    19   1.00
 139330.0000000000           0.0000037276
  26774.0000000000           0.0000236440
   6112.0000000000           0.0001301583
   1632.9000000000           0.0006406107
    503.0300000000           0.0023250026
    176.0300000000           0.0086388333
     68.9390000000           0.0234898313
     29.7680000000           0.0814968762
     13.9630000000           0.1680416821
      7.0090000000           0.3377403999
      3.7094000000          -0.1638669536
      2.0392000000           0.8274445094
      1.1472000000          -0.6558509371
      0.6507000000          -5.1807336336
      0.3665900000           8.1394228171
      0.2021100000          -2.4710505273
      0.1074200000          -2.5089872856
      0.0542310000           1.4779107748
      0.0256190000           0.2506885901
S    19   1.00
 139330.0000000000          -0.0000023477
  26774.0000000000          -0.0000141798
   6112.0000000000          -0.0000829446
   1632.9000000000          -0.0003795818
    503.0300000000          -0.0014952726
    176.0300000000          -0.0048605475
     68.9390000000          -0.0144204026
     29.7680000000          -0.0359876745
     13.9630000000          -0.0871441173
      7.0090000000          -0.1382935381
      3.7094000000          -0.1829728831
      2.0392000000          -0.0817135288
      1.1472000000          -0.7363775005
      0.6507000000           1.7380426984
      0.3665900000           1.6466592777
      0.2021100000          -2.5871369088
      0.1074200000          -0.8177852807
      0.0542310000           1.2514210442
      0.0256190000           0.1967978149
S    19   1.00
 139330.0000000000          -0.0000013388
  26774.0000000000          -0.0000081449
   6112.0000000000          -0.0000472010
   1632.9000000000          -0.0002181144
    503.0300000000          -0.0008456379
    176.0300000000          -0.0027700998
     68.9390000000          -0.0078018669
     29.7680000000          -0.0188623345
     13.9630000000          -0.0393045895
      7.0090000000          -0.0686639537
      3.7094000000          -0.1016445025
      2.0392000000          -0.1297877375
      1.1472000000          -0.1780941635
      0.6507000000          -0.0475153109
      0.3665900000           0.7220485366
      0.2021100000           0.9937821087
      0.1074200000          -0.3707388758
      0.0542310000          -0.9022620370
      0.0256190000          -0.1163652246
P    8   1.00
     45.7000000000           0.0051849587
     10.6000000000          -0.0694753561
      3.0800000000           0.4880981140
      1.2300000000           0.9131865156
      0.5100000000          -0.7282295666
      0.2300000000           0.2856093748
      0.1060000000          -0.0564985894
      0.0400000000          -0.3237785263
P    8   1.00
     45.7000000000           0.0005598577
     10.6000000000           0.0049230936
      3.0800000000           0.0198821499
      1.2300000000           0.0394518210
      0.5100000000           0.1630602437
      0.2300000000           0.4111578133
      0.1060000000           0.4429347544
      0.0400000000           0.0688676460
P    8   1.00
     45.7000000000          -0.0037643606
     10.6000000000          -0.0302839676
      3.0800000000          -0.1481770846
      1.2300000000          -0.6822660906
      0.5100000000           3.0328798318
      0.2300000000          -3.3641540334
      0.1060000000           1.1669505204
      0.0400000000           0.2854324028
P    8   1.00
     45.7000000000           0.0008862347
     10.6000000000           0.0306619409
      3.0800000000           0.0319215308
      1.2300000000           0.6318969865
      0.5100000000          -0.7695651726
      0.2300000000          -1.1409907121
      0.1060000000           1.4919251865
      0.0400000000           0.0091265087
D    3   1.00
      3.3500000000           1.0398507505
      0.5700000000          -0.1857136444
      0.2100000000           0.0583070475
D    3   1.00
      3.3500000000           0.2122506454
      0.5700000000          -1.3900846285
      0.2100000000           0.9631553812
D    3   1.00
      3.3500000000           0.0250099508
      0.5700000000          -0.0916355551
      0.2100000000          -0.9394094692
F    2   1.00
      0.7500000000           1.2918586150
      0.3000000000          -0.8448371854
F    2   1.00
      0.7500000000           0.0343035433
      0.3000000000           0.9779189866
G    1   1.00
      0.8000000000           1.0000000000
****
