!----------------------------------------------------------------------
! Basis Set Exchange
! Version 0.11
! https://www.basissetexchange.org
!----------------------------------------------------------------------
!   Basis set: ano-pV5Z
! Description: ano-pV5Z
!        Role: orbital
!     Version: 1  (Data from supporting information)
!----------------------------------------------------------------------


C     0
S    16   1.00
 312100.0000000000           0.0000056888
  46740.0000000000           0.0000442122
  10640.0000000000           0.0002324717
   3013.0000000000           0.0009813983
    982.8000000000           0.0035604858
    354.8000000000           0.0114692478
    138.4000000000           0.0330825487
     57.3500000000           0.0842739202
     24.9200000000           0.1811835207
     11.2300000000           0.3058726609
      5.2010000000           0.3428996624
      2.4260000000           0.1785203122
      0.9673000000           0.0174929057
      0.4456000000          -0.0069381856
      0.1971000000          -0.0045895926
      0.0863500000          -0.0017787010
S    16   1.00
 312100.0000000000           0.0000011517
  46740.0000000000           0.0000089401
  10640.0000000000           0.0000471067
   3013.0000000000           0.0001985305
    982.8000000000           0.0007241159
    354.8000000000           0.0023373031
    138.4000000000           0.0068692727
     57.3500000000           0.0179514067
     24.9200000000           0.0414871653
     11.2300000000           0.0795916232
      5.2010000000           0.1258249776
      2.4260000000           0.1068228241
      0.9673000000          -0.1286390810
      0.4456000000          -0.4398665406
      0.1971000000          -0.4462025705
      0.0863500000          -0.1396137797
S    16   1.00
 312100.0000000000          -0.0000032996
  46740.0000000000          -0.0000334194
  10640.0000000000          -0.0001167391
   3013.0000000000          -0.0008243816
    982.8000000000          -0.0015100218
    354.8000000000          -0.0110709337
    138.4000000000          -0.0132108973
     57.3500000000          -0.1142804976
     24.9200000000          -0.1034115598
     11.2300000000          -0.5615180443
      5.2010000000          -0.5737863671
      2.4260000000           4.5498793600
      0.9673000000          -8.4613019809
      0.4456000000           9.2208285366
      0.1971000000          -6.0035420841
      0.0863500000           2.0430806823
S    16   1.00
 312100.0000000000           0.0000014615
  46740.0000000000           0.0000113996
  10640.0000000000           0.0000596491
   3013.0000000000           0.0002537561
    982.8000000000           0.0009151876
    354.8000000000           0.0029997075
    138.4000000000           0.0086902270
     57.3500000000           0.0233513200
     24.9200000000           0.0532963047
     11.2300000000           0.1071421338
      5.2010000000           0.1715711640
      2.4260000000           0.1810506143
      0.9673000000          -0.6618969705
      0.4456000000          -0.9413749900
      0.1971000000           0.6896636760
      0.0863500000           0.7079116403
S    16   1.00
 312100.0000000000          -0.0000020729
  46740.0000000000          -0.0000152244
  10640.0000000000          -0.0000868378
   3013.0000000000          -0.0003294248
    982.8000000000          -0.0013722962
    354.8000000000          -0.0037795404
    138.4000000000          -0.0136469384
     57.3500000000          -0.0290748718
     24.9200000000          -0.0939954201
     11.2300000000          -0.1270398885
      5.2010000000          -0.3903688653
      2.4260000000           0.0967690209
      0.9673000000           2.1831711797
      0.4456000000          -1.6380587319
      0.1971000000          -1.3661318212
      0.0863500000           1.6011180083
S    16   1.00
 312100.0000000000          -0.0000031477
  46740.0000000000          -0.0000156663
  10640.0000000000          -0.0001494472
   3013.0000000000          -0.0002585570
    982.8000000000          -0.0026575875
    354.8000000000          -0.0018759069
    138.4000000000          -0.0302307890
     57.3500000000          -0.0061619247
     24.9200000000          -0.2520314519
     11.2300000000           0.1288034970
      5.2010000000          -1.4325407433
      2.4260000000           2.6528636797
      0.9673000000          -0.0348171778
      0.4456000000          -3.9353705417
      0.1971000000           4.9042834374
      0.0863500000          -2.2872025967
P    10   1.00
    295.2000000000           0.0001429536
     69.9800000000           0.0012248907
     22.6400000000           0.0063589239
      8.4850000000           0.0235884808
      3.4590000000           0.0696777731
      1.5040000000           0.1664464149
      0.6783000000           0.2933564994
      0.3087000000           0.3512017572
      0.1400000000           0.2563868868
      0.0617800000           0.0762169165
P    10   1.00
    295.2000000000           0.0004063047
     69.9800000000           0.0035967590
     22.6400000000           0.0197550020
      8.4850000000           0.0825675839
      3.4590000000           0.2839301676
      1.5040000000           0.7770202553
      0.6783000000          -0.4435648258
      0.3087000000          -1.0388445407
      0.1400000000           0.5735322398
      0.0617800000           0.3869815823
P    10   1.00
    295.2000000000           0.0009397883
     69.9800000000           0.0040845244
     22.6400000000           0.0492238842
      8.4850000000           0.1228405403
      3.4590000000           0.9228986017
      1.5040000000          -0.2970067634
      0.6783000000          -1.7344708312
      0.3087000000           2.0684880734
      0.1400000000          -0.4752113371
      0.0617800000          -0.4799768181
P    10   1.00
    295.2000000000           0.0006002883
     69.9800000000           0.0114355905
     22.6400000000           0.0411203149
      8.4850000000           0.3290664070
      3.4590000000           1.2113348166
      1.5040000000          -3.3691504700
      0.6783000000           3.5592133501
      0.3087000000          -1.6108211241
      0.1400000000          -0.4580909637
      0.0617800000           0.7847358941
P    10   1.00
    295.2000000000           0.0001641191
     69.9800000000           0.0015014551
     22.6400000000           0.0073769191
      8.4850000000           0.0284317842
      3.4590000000           0.0674783713
      1.5040000000           0.2857591239
      0.6783000000           0.5586074972
      0.3087000000          -0.0898519083
      0.1400000000          -0.6546507650
      0.0617800000          -0.2604391448
D    5   1.00
      4.5420000000           0.0143889048
      1.9790000000           0.0713989420
      0.8621000000           0.3570760522
      0.3756000000           0.4803354126
      0.1636000000           0.2551176449
D    5   1.00
      4.5420000000          -0.0007635462
      1.9790000000           0.3071489206
      0.8621000000           0.7744199003
      0.3756000000          -0.4242215167
      0.1636000000          -0.5691046088
D    5   1.00
      4.5420000000           0.0329025262
      1.9790000000           1.0671262673
      0.8621000000          -0.5964927180
      0.3756000000          -0.8310168604
      0.1636000000           0.9849265660
D    5   1.00
      4.5420000000           0.5433712254
      1.9790000000           0.6109119456
      0.8621000000          -2.0113874069
      0.3756000000           2.2672346754
      0.1636000000          -1.2369200642
F    4   1.00
      2.6310000000           0.0334914704
      1.2550000000           0.2983549101
      0.5988000000           0.5168396500
      0.2857000000           0.3061330041
F    4   1.00
      2.6310000000           0.1476386115
      1.2550000000           0.8935983013
      0.5988000000          -0.2771601877
      0.2857000000          -0.6534149141
F    4   1.00
      2.6310000000           0.8817952471
      1.2550000000          -0.0446942153
      0.5988000000          -1.2681112027
      0.2857000000           1.1112168265
G    3   1.00
      2.6520000000           0.0480375890
      1.2040000000           0.5014664999
      0.5470000000           0.5708020365
G    3   1.00
      2.6520000000           0.3987629426
      1.2040000000           0.7936111063
      0.5470000000          -1.0097234824
H    2   1.00
      2.0300000000           0.3184734504
      0.8511000000           0.7884877152
****
