!----------------------------------------------------------------------
! Basis Set Exchange
! Version 0.11
! https://www.basissetexchange.org
!----------------------------------------------------------------------
!   Basis set: ano-pV5Z
! Description: ano-pV5Z
!        Role: orbital
!     Version: 1  (Data from supporting information)
!----------------------------------------------------------------------


N     0
S    16   1.00
 432300.0000000000           0.0000055936
  64700.0000000000           0.0000435138
  14720.0000000000           0.0002289287
   4170.0000000000           0.0009650171
   1361.0000000000           0.0035021904
    491.2000000000           0.0112921163
    191.6000000000           0.0326128265
     79.4100000000           0.0832972697
     34.5300000000           0.1799856581
     15.5800000000           0.3050035130
      7.2320000000           0.3411593117
      3.3820000000           0.1774826966
      1.3690000000           0.0198840957
      0.6248000000          -0.0012466348
      0.2747000000           0.0010401039
      0.1192000000          -0.0001265860
S    16   1.00
 432300.0000000000           0.0000012377
  64700.0000000000           0.0000096146
  14720.0000000000           0.0000507014
   4170.0000000000           0.0002132911
   1361.0000000000           0.0007784594
    491.2000000000           0.0025133634
    191.6000000000           0.0073972480
     79.4100000000           0.0193531475
     34.5300000000           0.0449446014
     15.5800000000           0.0862431945
      7.2320000000           0.1342509759
      3.3820000000           0.1060138777
      1.3690000000          -0.1384170918
      0.6248000000          -0.4391267599
      0.2747000000          -0.4313435809
      0.1192000000          -0.1507186091
S    16   1.00
 432300.0000000000          -0.0000032165
  64700.0000000000          -0.0000338076
  14720.0000000000          -0.0001111344
   4170.0000000000          -0.0008429306
   1361.0000000000          -0.0013798125
    491.2000000000          -0.0114235543
    191.6000000000          -0.0113165958
     79.4100000000          -0.1174824786
     34.5300000000          -0.0856959751
     15.5800000000          -0.6528784300
      7.2320000000          -0.4187276033
      3.3820000000           4.4851289366
      1.3690000000          -8.3391702761
      0.6248000000           8.9280058942
      0.2747000000          -5.7454717061
      0.1192000000           1.9300932277
S    16   1.00
 432300.0000000000           0.0000013948
  64700.0000000000           0.0000109071
  14720.0000000000           0.0000569709
   4170.0000000000           0.0002427563
   1361.0000000000           0.0008723951
    491.2000000000           0.0028758828
    191.6000000000           0.0082942767
     79.4100000000           0.0225053948
     34.5300000000           0.0512093507
     15.5800000000           0.1048497272
      7.2320000000           0.1644290239
      3.3820000000           0.1710558715
      1.3690000000          -0.5974990638
      0.6248000000          -0.9102913983
      0.2747000000           0.5234527691
      0.1192000000           0.8200521439
S    16   1.00
 432300.0000000000          -0.0000020720
  64700.0000000000          -0.0000153930
  14720.0000000000          -0.0000865570
   4170.0000000000          -0.0003344672
   1361.0000000000          -0.0013599801
    491.2000000000          -0.0038661715
    191.6000000000          -0.0134702049
     79.4100000000          -0.0300266728
     34.5300000000          -0.0925316587
     15.5800000000          -0.1386151714
      7.2320000000          -0.3824931664
      3.3820000000           0.0954870859
      1.3690000000           2.0469664361
      0.6248000000          -1.3008336658
      0.2747000000          -1.6185133598
      0.1192000000           1.6426401236
S    16   1.00
 432300.0000000000          -0.0000030819
  64700.0000000000          -0.0000160444
  14720.0000000000          -0.0001449299
   4170.0000000000          -0.0002751497
   1361.0000000000          -0.0025504308
    491.2000000000          -0.0021954854
    191.6000000000          -0.0287697195
     79.4100000000          -0.0094239217
     34.5300000000          -0.2382691478
     15.5800000000           0.0832092990
      7.2320000000          -1.3710428890
      3.3820000000           2.5810791286
      1.3690000000           0.0968375206
      0.6248000000          -4.0287287838
      0.2747000000           4.8372747145
      0.1192000000          -2.2039434874
P    10   1.00
    415.9000000000           0.0001493515
     98.6100000000           0.0012852780
     31.9200000000           0.0067482167
     12.0000000000           0.0254480843
      4.9190000000           0.0755743643
      2.1480000000           0.1758280802
      0.9696000000           0.2962195131
      0.4399000000           0.3441099405
      0.1978000000           0.2503615773
      0.0860300000           0.0763931220
P    10   1.00
    415.9000000000           0.0004162692
     98.6100000000           0.0036425363
     31.9200000000           0.0208775389
     12.0000000000           0.0869515693
      4.9190000000           0.3019545646
      2.1480000000           0.7481924316
      0.9696000000          -0.5366016092
      0.4399000000          -0.9624028745
      0.1978000000           0.5979386882
      0.0860300000           0.3812822948
P    10   1.00
    415.9000000000           0.0009016300
     98.6100000000           0.0040954053
     31.9200000000           0.0480819490
     12.0000000000           0.1283088160
      4.9190000000           0.9013030259
      2.1480000000          -0.3256054513
      0.9696000000          -1.6891698959
      0.4399000000           2.0246910129
      0.1978000000          -0.4243076847
      0.0860300000          -0.5129473213
P    10   1.00
    415.9000000000           0.0001951090
     98.6100000000           0.0017570195
     31.9200000000           0.0089935233
     12.0000000000           0.0354017865
      4.9190000000           0.0970144192
      2.1480000000           0.3245625207
      0.9696000000           0.5070185471
      0.4399000000          -0.1454680195
      0.1978000000          -0.6201309743
      0.0860300000          -0.2427206584
P    10   1.00
    415.9000000000          -0.0006249207
     98.6100000000          -0.0118711775
     31.9200000000          -0.0457617977
     12.0000000000          -0.3562368746
      4.9190000000          -1.1547650339
      2.1480000000           3.2831080289
      0.9696000000          -3.4280958539
      0.4399000000           1.4831621611
      0.1978000000           0.5209446353
      0.0860300000          -0.7993514305
D    5   1.00
      6.7170000000           0.0153532025
      2.8960000000           0.0739377840
      1.2490000000           0.3611149183
      0.5380000000           0.4784008261
      0.2320000000           0.2548775648
D    5   1.00
      6.7170000000           0.0133057296
      2.8960000000           0.3124701443
      1.2490000000           0.7432037059
      0.5380000000          -0.3999521968
      0.2320000000          -0.5773663132
D    5   1.00
      6.7170000000           0.0280163389
      2.8960000000           1.0297739592
      1.2490000000          -0.5367096541
      0.5380000000          -0.8723528615
      0.2320000000           1.0053129855
D    5   1.00
      6.7170000000           0.5086756817
      2.8960000000           0.6662882420
      1.2490000000          -2.0233933367
      0.5380000000           2.2213626995
      0.2320000000          -1.1937389538
F    4   1.00
      3.8290000000           0.0362155054
      1.7950000000           0.3001021670
      0.8410000000           0.5301475088
      0.3940000000           0.2930118022
F    4   1.00
      3.8290000000           0.1665181516
      1.7950000000           0.8611596087
      0.8410000000          -0.2702897639
      0.3940000000          -0.6479013550
F    4   1.00
      3.8290000000           0.8760985939
      1.7950000000          -0.0651467061
      0.8410000000          -1.2039170404
      0.3940000000           1.0802470627
G    3   1.00
      3.8560000000           0.0492267794
      1.7020000000           0.5020196858
      0.7510000000           0.5770638437
G    3   1.00
      3.8560000000           0.3952178799
      1.7020000000           0.7803367978
      0.7510000000          -0.9848839528
H    2   1.00
      2.8750000000           0.3280540138
      1.1700000000           0.7867803891
****
