!----------------------------------------------------------------------
! Basis Set Exchange
! Version 0.11
! https://www.basissetexchange.org
!----------------------------------------------------------------------
!   Basis set: ano-pVQZ
! Description: ano-pVQZ
!        Role: orbital
!     Version: 1  (Data from supporting information)
!----------------------------------------------------------------------


Cl     0
S    20   1.00
6410000.0000000000           0.0000018134
 959600.0000000000           0.0000141111
 218300.0000000000           0.0000742369
  61810.0000000000           0.0003141152
  20140.0000000000           0.0011463623
   7264.0000000000           0.0037386909
   2832.0000000000           0.0110940777
   1175.0000000000           0.0301135997
    512.6000000000           0.0739105226
    233.0000000000           0.1582493814
    109.5000000000           0.2747350951
     52.8600000000           0.3340364624
     25.8400000000           0.2175597801
     12.1700000000           0.0457431155
      6.0300000000          -0.0000293391
      3.0120000000           0.0018350275
      1.5110000000          -0.0004445327
      0.6604000000          -0.0000776684
      0.2926000000          -0.0004587124
      0.1254000000          -0.0000940595
S    20   1.00
6410000.0000000000           0.0000005314
 959600.0000000000           0.0000041356
 218300.0000000000           0.0000217541
  61810.0000000000           0.0000921099
  20140.0000000000           0.0003363575
   7264.0000000000           0.0011004694
   2832.0000000000           0.0032848588
   1175.0000000000           0.0090573809
    512.6000000000           0.0229428466
    233.0000000000           0.0525801453
    109.5000000000           0.1042883588
     52.8600000000           0.1654622541
     25.8400000000           0.1540218392
     12.1700000000          -0.0738403143
      6.0300000000          -0.4640154060
      3.0120000000          -0.5674793085
      1.5110000000          -0.1905085616
      0.6604000000           0.1231404358
      0.2926000000           0.1814151436
      0.1254000000           0.0572888245
S    20   1.00
6410000.0000000000           0.0000000030
 959600.0000000000           0.0000000242
 218300.0000000000           0.0000001227
  61810.0000000000           0.0000005444
  20140.0000000000           0.0000018615
   7264.0000000000           0.0000064915
   2832.0000000000           0.0000171666
   1175.0000000000           0.0000496124
    512.6000000000           0.0000906845
    233.0000000000           0.0001672956
    109.5000000000          -0.0001520201
     52.8600000000          -0.0011870140
     25.8400000000          -0.0035702994
     12.1700000000           0.0044587752
      6.0300000000           0.0423049009
      3.0120000000           0.1729287178
      1.5110000000           0.0799121551
      0.6604000000          -0.4305627967
      0.2926000000          -0.5800768760
      0.1254000000          -0.1833322170
S    20   1.00
6410000.0000000000           0.0000001698
 959600.0000000000           0.0000013020
 218300.0000000000           0.0000069960
  61810.0000000000           0.0000288036
  20140.0000000000           0.0001089500
   7264.0000000000           0.0003415483
   2832.0000000000           0.0010740420
   1175.0000000000           0.0027892591
    512.6000000000           0.0076251234
    233.0000000000           0.0161014859
    109.5000000000           0.0362533789
     52.8600000000           0.0504717507
     25.8400000000           0.0667371854
     12.1700000000          -0.0617185781
      6.0300000000          -0.1249324583
      3.0120000000          -0.6046474562
      1.5110000000          -0.1783077760
      0.6604000000           2.1890408950
      0.2926000000          -0.8544231506
      0.1254000000          -0.8253035227
S    20   1.00
6410000.0000000000          -0.0000002454
 959600.0000000000          -0.0000017038
 218300.0000000000          -0.0000105333
  61810.0000000000          -0.0000358464
  20140.0000000000          -0.0001710464
   7264.0000000000          -0.0003995626
   2832.0000000000          -0.0017689839
   1175.0000000000          -0.0029990509
    512.6000000000          -0.0133610420
    233.0000000000          -0.0149230657
    109.5000000000          -0.0714207934
     52.8600000000          -0.0238172309
     25.8400000000          -0.2061927692
     12.1700000000           0.3578970532
      6.0300000000          -0.3577280432
      3.0120000000           2.6924701253
      1.5110000000          -3.9540969440
      0.6604000000           0.6262331788
      0.2926000000           2.5843599682
      0.1254000000          -1.9044798894
S    20   1.00
6410000.0000000000           0.0000002600
 959600.0000000000           0.0000024949
 218300.0000000000           0.0000095394
  61810.0000000000           0.0000603692
  20140.0000000000           0.0001289623
   7264.0000000000           0.0007878202
   2832.0000000000           0.0010435252
   1175.0000000000           0.0071956118
    512.6000000000           0.0053196412
    233.0000000000           0.0488209718
    109.5000000000           0.0066859406
     52.8600000000           0.2274808947
     25.8400000000          -0.1682646033
     12.1700000000           0.4917346127
      6.0300000000          -1.6897218253
      3.0120000000          -0.7196676198
      1.5110000000           5.8577706280
      0.6604000000          -8.2740591089
      0.2926000000           6.5685251886
      0.1254000000          -2.5271393034
P    12   1.00
   2548.0000000000           0.0002357017
    603.7000000000           0.0020515799
    195.6000000000           0.0111543331
     74.1500000000           0.0439815972
     30.9400000000           0.1299942320
     13.6900000000           0.2729591832
      6.2290000000           0.3836904520
      2.8780000000           0.2918694533
      1.2820000000           0.0704461278
      0.5641000000           0.0012867770
      0.2348000000           0.0018296711
      0.0931200000           0.0000163527
P    12   1.00
   2548.0000000000           0.0000639499
    603.7000000000           0.0005569862
    195.6000000000           0.0030474869
     74.1500000000           0.0121470785
     30.9400000000           0.0368757425
     13.6900000000           0.0796346992
      6.2290000000           0.1179864705
      2.8780000000           0.0871432235
      1.2820000000          -0.1421012819
      0.5641000000          -0.4276857233
      0.2348000000          -0.4434172620
      0.0931200000          -0.1623961240
P    12   1.00
   2548.0000000000           0.0000792628
    603.7000000000           0.0007426379
    195.6000000000           0.0037825549
     74.1500000000           0.0163312278
     30.9400000000           0.0460944074
     13.6900000000           0.1119987183
      6.2290000000           0.1292753470
      2.8780000000           0.1725511490
      1.2820000000          -0.4628884187
      0.5641000000          -0.7987449671
      0.2348000000           0.6410531198
      0.0931200000           0.5328110609
P    12   1.00
   2548.0000000000           0.0001077266
    603.7000000000           0.0010272250
    195.6000000000           0.0051645255
     74.1500000000           0.0228840699
     30.9400000000           0.0651495253
     13.6900000000           0.1620792145
      6.2290000000           0.1608737681
      2.8780000000           0.2854448087
      1.2820000000          -1.7256993596
      0.5641000000           1.1337070246
      0.2348000000           0.7415976309
      0.0931200000          -1.0475106715
P    12   1.00
   2548.0000000000           0.0002197740
    603.7000000000           0.0007818433
    195.6000000000           0.0106383005
     74.1500000000           0.0172358419
     30.9400000000           0.1497687221
     13.6900000000           0.0781907272
      6.2290000000           0.6187884668
      2.8780000000          -0.9770086078
      1.2820000000          -0.8552528712
      0.5641000000           2.7354653623
      0.2348000000          -2.8289492517
      0.0931200000           1.4210421531
D    4   1.00
      3.7810000000           0.0371180574
      1.5290000000           0.1719760944
      0.6180000000           0.5736769106
      0.2500000000           0.3728907832
D    4   1.00
      3.7810000000          -0.0919624110
      1.5290000000           1.5558396105
      0.6180000000          -2.0619795413
      0.2500000000           1.1200224961
D    4   1.00
      3.7810000000          -0.0895377154
      1.5290000000           0.6549212715
      0.6180000000           0.4428723678
      0.2500000000          -1.0387870410
F    3   1.00
      1.3450000000           0.2567793816
      0.6560000000           0.5388098289
      0.3200000000           0.3304730660
F    3   1.00
      1.3450000000           0.8270567821
      0.6560000000           0.1140351621
      0.3200000000          -0.9141133031
G    2   1.00
      1.3020000000           0.4044038399
      0.5560000000           0.6985891062
****
