!----------------------------------------------------------------------
! Basis Set Exchange
! Version 0.11
! https://www.basissetexchange.org
!----------------------------------------------------------------------
!   Basis set: ano-pVQZ
! Description: ano-pVQZ
!        Role: orbital
!     Version: 1  (Data from supporting information)
!----------------------------------------------------------------------


Mg     0
S    21   1.00
3199100.0000000000           0.0000017950
 479000.0000000000           0.0000139619
 109010.0000000000           0.0000734120
  30878.0000000000           0.0003103614
  10075.0000000000           0.0011295201
   3637.9000000000           0.0036825151
   1419.5000000000           0.0109059255
    589.3500000000           0.0295927497
    257.5300000000           0.0721890156
    117.1700000000           0.1552649528
     54.7620000000           0.2727110821
     26.2880000000           0.3344487713
     12.8600000000           0.2199168441
      6.2604000000           0.0496777160
      2.8514000000           0.0027601574
      1.3058000000           0.0008143242
      0.5833100000           0.0000760996
      0.1684900000           0.0000236754
      0.0856460000          -0.0000206013
      0.0450770000           0.0000110197
      0.0219340000          -0.0000027094
S    21   1.00
3199100.0000000000           0.0000004537
 479000.0000000000           0.0000035256
 109010.0000000000           0.0000185673
  30878.0000000000           0.0000783671
  10075.0000000000           0.0002861870
   3637.9000000000           0.0009325269
   1419.5000000000           0.0027886571
    589.3500000000           0.0076392459
    257.5300000000           0.0193013967
    117.1700000000           0.0438512116
     54.7620000000           0.0880107485
     26.2880000000           0.1372739709
     12.8600000000           0.1369763624
      6.2604000000          -0.0420379328
      2.8514000000          -0.3727875673
      1.3058000000          -0.5190147633
      0.5833100000          -0.2112102621
      0.1684900000          -0.0027817880
      0.0856460000          -0.0015874092
      0.0450770000           0.0014257844
      0.0219340000          -0.0004188622
S    21   1.00
3199100.0000000000           0.0000000875
 479000.0000000000           0.0000006788
 109010.0000000000           0.0000035808
  30878.0000000000           0.0000150794
  10075.0000000000           0.0000552299
   3637.9000000000           0.0001793639
   1419.5000000000           0.0005388577
    589.3500000000           0.0014701301
    257.5300000000           0.0037442976
    117.1700000000           0.0084806778
     54.7620000000           0.0173277526
     26.2880000000           0.0271678567
     12.8600000000           0.0286523167
      6.2604000000          -0.0104754726
      2.8514000000          -0.0857137348
      1.3058000000          -0.1685480845
      0.5833100000          -0.1679893506
      0.1684900000           0.2258424187
      0.0856460000           0.4543273830
      0.0450770000           0.3902252847
      0.0219340000           0.0848474620
S    21   1.00
3199100.0000000000           0.0000001079
 479000.0000000000           0.0000010150
 109010.0000000000           0.0000039993
  30878.0000000000           0.0000243706
  10075.0000000000           0.0000546379
   3637.9000000000           0.0003149431
   1419.5000000000           0.0004507351
    589.3500000000           0.0028424267
    257.5300000000           0.0023512994
    117.1700000000           0.0187308234
     54.7620000000           0.0039131666
     26.2880000000           0.0831753455
     12.8600000000          -0.0623850426
      6.2604000000           0.1807160630
      2.8514000000          -0.5093224705
      1.3058000000           0.5300559584
      0.5833100000          -1.7492262740
      0.1684900000           7.8950043647
      0.0856460000         -12.3350302701
      0.0450770000           8.0314071207
      0.0219340000          -2.0791489727
S    21   1.00
3199100.0000000000           0.0000000647
 479000.0000000000           0.0000004376
 109010.0000000000           0.0000028009
  30878.0000000000           0.0000090621
  10075.0000000000           0.0000457595
   3637.9000000000           0.0000986988
   1419.5000000000           0.0004763893
    589.3500000000           0.0007145585
    257.5300000000           0.0035949061
    117.1700000000           0.0032847741
     54.7620000000           0.0191881365
     26.2880000000           0.0022781446
     12.8600000000           0.0566985070
      6.2604000000          -0.0772645697
      2.8514000000           0.0766595026
      1.3058000000          -0.3929458012
      0.5833100000           0.3208416733
      0.1684900000          -2.1814872063
      0.0856460000           8.0281545753
      0.0450770000          -8.9223905776
      0.0219340000           3.1552746770
S    21   1.00
3199100.0000000000           0.0000000280
 479000.0000000000           0.0000002395
 109010.0000000000           0.0000010945
  30878.0000000000           0.0000055492
  10075.0000000000           0.0000160017
   3637.9000000000           0.0000691337
   1419.5000000000           0.0001458382
    589.3500000000           0.0005991665
    257.5300000000           0.0009158278
    117.1700000000           0.0037456039
     54.7620000000           0.0033686778
     26.2880000000           0.0148488419
     12.8600000000          -0.0029418998
      6.2604000000           0.0203771606
      2.8514000000          -0.0755531699
      1.3058000000           0.0331803053
      0.5833100000          -0.2102622844
      0.1684900000           0.8016900862
      0.0856460000          -2.1344067866
      0.0450770000           4.2379493487
      0.0219340000          -3.1742581236
P    15   1.00
   4157.8000000000           0.0000236086
    984.5300000000           0.0002172468
    320.0900000000           0.0012060672
    121.7300000000           0.0056165426
     49.8920000000           0.0202158577
     22.5420000000           0.0566094004
     10.7490000000           0.1300385273
      5.2899000000           0.2291317315
      2.5996000000           0.3145207710
      1.2518000000           0.3051945012
      0.5924600000           0.1535948983
      0.2694100000           0.0225671416
      0.1225000000           0.0011363648
      0.0557000000           0.0002596972
      0.0253000000           0.0000137661
P    15   1.00
   4157.8000000000           0.0000014167
    984.5300000000           0.0000192918
    320.0900000000           0.0000735564
    121.7300000000           0.0004918818
     49.8920000000           0.0012531758
     22.5420000000           0.0051729321
     10.7490000000           0.0075510231
      5.2899000000           0.0236912477
      2.5996000000           0.0120432758
      1.2518000000           0.0526499427
      0.5924600000          -0.0400496777
      0.2694100000           0.0831726078
      0.1225000000          -0.3817442098
      0.0557000000           0.3581759158
      0.0253000000          -1.1158128170
P    15   1.00
   4157.8000000000           0.0000039061
    984.5300000000           0.0000156905
    320.0900000000           0.0001961554
    121.7300000000           0.0004329136
     49.8920000000           0.0032640113
     22.5420000000           0.0039187280
     10.7490000000           0.0236683494
      5.2899000000           0.0089731778
      2.5996000000           0.0803719313
      1.2518000000          -0.0451687876
      0.5924600000           0.2020922755
      0.2694100000          -0.4596326707
      0.1225000000           0.7249486855
      0.0557000000          -2.3784454123
      0.0253000000           1.7350264225
D    3   1.00
      3.3600000000           0.0466859302
      0.8000000000           1.0998985982
      0.2000000000          -0.5218381950
D    3   1.00
      3.3600000000           0.0216295093
      0.8000000000           0.0049738185
      0.2000000000           0.9960022920
F    2   1.00
      1.3500000000          -0.0279620132
      0.3000000000           1.0083424056
****
