!----------------------------------------------------------------------
! Basis Set Exchange
! Version 0.11
! https://www.basissetexchange.org
!----------------------------------------------------------------------
!   Basis set: ano-pVQZ
! Description: ano-pVQZ
!        Role: orbital
!     Version: 1  (Data from supporting information)
!----------------------------------------------------------------------


Ne     0
S    16   1.00
 902400.0000000000           0.0000055071
 135100.0000000000           0.0000428234
  30750.0000000000           0.0002251425
   8710.0000000000           0.0009501602
   2842.0000000000           0.0034471885
   1026.0000000000           0.0111254471
    400.1000000000           0.0322056752
    165.9000000000           0.0825989133
     72.2100000000           0.1799056420
     32.6600000000           0.3060520777
     15.2200000000           0.3401255836
      7.1490000000           0.1761682211
      2.9570000000           0.0210152784
      1.3350000000          -0.0005074379
      0.5816000000           0.0010578574
      0.2463000000          -0.0000598773
S    16   1.00
 902400.0000000000           0.0000012963
 135100.0000000000           0.0000100690
  30750.0000000000           0.0000530405
   8710.0000000000           0.0002235171
   2842.0000000000           0.0008150559
   1026.0000000000           0.0026368822
    400.1000000000           0.0077760083
    165.9000000000           0.0204887059
     72.2100000000           0.0480966546
     32.6600000000           0.0935683962
     15.2200000000           0.1433560718
      7.1490000000           0.1021558762
      2.9570000000          -0.1629347673
      1.3350000000          -0.4466761688
      0.5816000000          -0.4258625122
      0.2463000000          -0.1303062944
S    16   1.00
 902400.0000000000          -0.0000016115
 135100.0000000000          -0.0000125800
  30750.0000000000          -0.0000657939
   8710.0000000000          -0.0002799674
   2842.0000000000          -0.0010092608
   1026.0000000000          -0.0033183047
    400.1000000000          -0.0096483669
    165.9000000000          -0.0261882549
     72.2100000000          -0.0609198166
     32.6600000000          -0.1260413906
     15.2200000000          -0.2054888974
      7.1490000000          -0.1719233603
      2.9570000000           0.8489060997
      1.3350000000           0.8131694566
      0.5816000000          -0.9018536884
      0.2463000000          -0.4999251190
S    16   1.00
 902400.0000000000          -0.0000022775
 135100.0000000000          -0.0000158878
  30750.0000000000          -0.0000974546
   8710.0000000000          -0.0003344131
   2842.0000000000          -0.0015728981
   1026.0000000000          -0.0037161454
    400.1000000000          -0.0160993168
    165.9000000000          -0.0275130195
     72.2100000000          -0.1165045331
     32.6600000000          -0.1142361471
     15.2200000000          -0.5766119902
      7.1490000000           0.4176357130
      2.9570000000           2.3884096204
      1.3350000000          -2.8381924646
      0.5816000000           0.0497789435
      0.2463000000           1.0151612410
S    16   1.00
 902400.0000000000          -0.0000031420
 135100.0000000000          -0.0000151680
  30750.0000000000          -0.0001503810
   8710.0000000000          -0.0002422786
   2842.0000000000          -0.0026892122
   1026.0000000000          -0.0016066023
    400.1000000000          -0.0307228721
    165.9000000000          -0.0017462153
     72.2100000000          -0.2580587577
     32.6600000000           0.1096407679
     15.2200000000          -1.7523261573
      7.1490000000           4.0496871089
      2.9570000000          -2.8024524730
      1.3350000000          -0.9689744100
      0.5816000000           3.2186609348
      0.2463000000          -1.8922787526
P    10   1.00
    815.6000000000           0.0001847705
    193.3000000000           0.0015941093
     62.6000000000           0.0084653531
     23.6100000000           0.0324030611
      9.7620000000           0.0947184717
      4.2810000000           0.2026241681
      1.9150000000           0.3017949700
      0.8476000000           0.3231669759
      0.3660000000           0.2371385895
      0.1510000000           0.0791176295
P    10   1.00
    815.6000000000           0.0002554864
    193.3000000000           0.0022579163
     62.6000000000           0.0118809731
     23.6100000000           0.0469683102
      9.7620000000           0.1409600178
      4.2810000000           0.3822895707
      1.9150000000           0.4049571155
      0.8476000000          -0.2487725194
      0.3660000000          -0.5505559893
      0.1510000000          -0.2146565483
P    10   1.00
    815.6000000000           0.0004493493
    193.3000000000           0.0036446948
     62.6000000000           0.0225385482
     23.6100000000           0.0842160085
      9.7620000000           0.3254115521
      4.2810000000           0.7220346106
      1.9150000000          -0.7514143816
      0.8476000000          -0.7615446193
      0.3660000000           0.6360693889
      0.1510000000           0.3274811852
P    10   1.00
    815.6000000000           0.0009085852
    193.3000000000           0.0039377448
     62.6000000000           0.0475825171
     23.6100000000           0.1216311614
      9.7620000000           0.9231187595
      4.2810000000          -0.4938976550
      1.9150000000          -1.4687792863
      0.8476000000           1.9234694877
      0.3660000000          -0.4608925716
      0.1510000000          -0.4798695759
D    5   1.00
     13.3170000000           0.0247658998
      5.8030000000           0.1068765548
      2.5290000000           0.4205406931
      1.1020000000           0.4449468742
      0.4800000000           0.1908712837
D    5   1.00
     13.3170000000           0.0402982534
      5.8030000000           0.4048604855
      2.5290000000           0.5998920244
      1.1020000000          -0.4614427842
      0.4800000000          -0.5440313566
D    5   1.00
     13.3170000000           0.1267033604
      5.8030000000           1.0068865761
      2.5290000000          -0.7763614794
      1.1020000000          -0.6269674161
      0.4800000000           0.9456243716
F    4   1.00
     10.3560000000           0.0150197139
      4.5380000000           0.2512426801
      1.9890000000           0.5756220779
      0.8710000000           0.3197084635
F    4   1.00
     10.3560000000           0.1285912659
      4.5380000000           0.7272499164
      1.9890000000           0.0355862089
      0.8710000000          -0.7908397235
G    3   1.00
      8.3450000000           0.0743091485
      3.4170000000           0.5189613487
      1.3990000000           0.5671524305
****
