!----------------------------------------------------------------------
! Basis Set Exchange
! Version 0.11
! https://www.basissetexchange.org
!----------------------------------------------------------------------
!   Basis set: cc-pVQZ
! Description: cc-pVQZ
!        Role: orbital
!     Version: 1  (Data from ccRepo/Grant Hill)
!----------------------------------------------------------------------


Ar     0
S    16   1.00
      9.506000D+05           2.275450D-05
      1.423000D+05           1.769450D-04
      3.236000D+04           9.312820D-04
      9.145000D+03           3.928600D-03
      2.970000D+03           1.420640D-02
      1.064000D+03           4.481140D-02
      4.108000D+02           1.210010D-01
      1.680000D+02           2.605790D-01
      7.199000D+01           3.813640D-01
      3.167000D+01           2.760580D-01
      1.289000D+01           5.051790D-02
      5.929000D+00          -3.598660D-03
      2.678000D+00           2.187980D-03
      9.416000D-01          -8.623590D-04
      4.239000D-01           4.052260D-04
      1.714000D-01          -1.161630D-04
S    16   1.00
      9.506000D+05          -6.462010D-06
      1.423000D+05          -5.023460D-05
      3.236000D+04          -2.648040D-04
      9.145000D+03          -1.118950D-03
      2.970000D+03          -4.082760D-03
      1.064000D+03          -1.312160D-02
      4.108000D+02          -3.728550D-02
      1.680000D+02          -8.947090D-02
      7.199000D+01          -1.680540D-01
      3.167000D+01          -1.795940D-01
      1.289000D+01           1.029530D-01
      5.929000D+00           5.626300D-01
      2.678000D+00           4.503550D-01
      9.416000D-01           4.606070D-02
      4.239000D-01          -6.036910D-03
      1.714000D-01           1.887440D-03
S    1   1.00
      9.416000D-01           1.000000D+00
S    1   1.00
      4.239000D-01           1.000000D+00
S    16   1.00
      9.506000D+05           2.020560D-06
      1.423000D+05           1.568510D-05
      3.236000D+04           8.286170D-05
      9.145000D+03           3.492640D-04
      2.970000D+03           1.279760D-03
      1.064000D+03           4.103650D-03
      4.108000D+02           1.177890D-02
      1.680000D+02           2.838680D-02
      7.199000D+01           5.524060D-02
      3.167000D+01           6.074920D-02
      1.289000D+01          -3.620120D-02
      5.929000D+00          -2.753980D-01
      2.678000D+00          -3.628450D-01
      9.416000D-01           2.731180D-01
      4.239000D-01           6.828990D-01
      1.714000D-01           2.834170D-01
S    1   1.00
      1.714000D-01           1.000000D+00
P    11   1.00
      1.890000D+03           4.957520D-04
      4.478000D+02           4.251720D-03
      1.446000D+02           2.232770D-02
      5.446000D+01           8.308780D-02
      2.251000D+01           2.171100D-01
      9.774000D+00           3.745070D-01
      4.368000D+00           3.664450D-01
      1.959000D+00           1.292450D-01
      8.260000D-01           6.922490D-03
      3.297000D-01           8.361490D-04
      1.242000D-01          -1.526660D-04
P    1   1.00
      8.260000D-01           1.000000D+00
P    11   1.00
      1.890000D+03          -1.388630D-04
      4.478000D+02          -1.188700D-03
      1.446000D+02          -6.325530D-03
      5.446000D+01          -2.388130D-02
      2.251000D+01          -6.492380D-02
      9.774000D+00          -1.154440D-01
      4.368000D+00          -1.236510D-01
      1.959000D+00           6.490550D-02
      8.260000D-01           4.036330D-01
      3.297000D-01           4.905920D-01
      1.242000D-01           2.085280D-01
P    1   1.00
      3.297000D-01           1.000000D+00
P    1   1.00
      1.242000D-01           1.000000D+00
D    1   1.00
      1.873000D+00           1.000000D+00
D    1   1.00
      7.630000D-01           1.000000D+00
D    1   1.00
      3.110000D-01           1.000000D+00
F    1   1.00
      1.325000D+00           1.000000D+00
F    1   1.00
      5.430000D-01           1.000000D+00
G    1   1.00
      1.007000D+00           1.0000000
****
