!----------------------------------------------------------------------
! Basis Set Exchange
! Version 0.11
! https://www.basissetexchange.org
!----------------------------------------------------------------------
!   Basis set: cc-pVQZ
! Description: cc-pVQZ
!        Role: orbital
!     Version: 1  (Data from ccRepo/Grant Hill)
!----------------------------------------------------------------------


C     0
S    12   1.00
      3.398000D+04           9.100000D-05
      5.089000D+03           7.040000D-04
      1.157000D+03           3.693000D-03
      3.266000D+02           1.536000D-02
      1.061000D+02           5.292900D-02
      3.811000D+01           1.470430D-01
      1.475000D+01           3.056310D-01
      6.035000D+00           3.993450D-01
      2.530000D+00           2.170510D-01
      7.355000D-01           1.589400D-02
      2.905000D-01          -3.084000D-03
      1.111000D-01           9.780000D-04
S    1   1.00
      7.355000D-01           1.000000D+00
S    1   1.00
      2.905000D-01           1.000000D+00
S    12   1.00
      3.398000D+04          -1.900000D-05
      5.089000D+03          -1.510000D-04
      1.157000D+03          -7.850000D-04
      3.266000D+02          -3.324000D-03
      1.061000D+02          -1.151200D-02
      3.811000D+01          -3.416000D-02
      1.475000D+01          -7.717300D-02
      6.035000D+00          -1.414930D-01
      2.530000D+00          -1.180190D-01
      7.355000D-01           2.738060D-01
      2.905000D-01           5.865100D-01
      1.111000D-01           2.854300D-01
S    1   1.00
      1.111000D-01           1.000000D+00
P    1   1.00
      8.132000D-01           1.000000D+00
P    6   1.00
      3.451000D+01           5.378000D-03
      7.915000D+00           3.613200D-02
      2.368000D+00           1.424930D-01
      8.132000D-01           3.421500D-01
      2.890000D-01           4.638640D-01
      1.007000D-01           2.500280D-01
P    1   1.00
      2.890000D-01           1.000000D+00
P    1   1.00
      1.007000D-01           1.000000D+00
D    1   1.00
      1.848000D+00           1.000000D+00
D    1   1.00
      6.490000D-01           1.000000D+00
D    1   1.00
      2.280000D-01           1.000000D+00
F    1   1.00
      1.419000D+00           1.000000D+00
F    1   1.00
      4.850000D-01           1.000000D+00
G    1   1.00
      1.011000D+00           1.0000000
****
