!----------------------------------------------------------------------
! Basis Set Exchange
! Version 0.11
! https://www.basissetexchange.org
!----------------------------------------------------------------------
!   Basis set: cc-pVQZ
! Description: cc-pVQZ
!        Role: orbital
!     Version: 1  (Data from ccRepo/Grant Hill)
!----------------------------------------------------------------------


Cl     0
S    16   1.00
      8.349000D+05           2.316880D-05
      1.250000D+05           1.801540D-04
      2.843000D+04           9.477820D-04
      8.033000D+03           4.001390D-03
      2.608000D+03           1.446290D-02
      9.339000D+02           4.565860D-02
      3.600000D+02           1.232480D-01
      1.470000D+02           2.643690D-01
      6.288000D+01           3.829890D-01
      2.760000D+01           2.709340D-01
      1.108000D+01           4.714040D-02
      5.075000D+00          -3.717660D-03
      2.278000D+00           2.191580D-03
      7.775000D-01          -8.498500D-04
      3.527000D-01           4.246640D-04
      1.431000D-01          -1.200180D-04
S    16   1.00
      8.349000D+05          -6.496490D-06
      1.250000D+05          -5.048950D-05
      2.843000D+04          -2.661130D-04
      8.033000D+03          -1.124990D-03
      2.608000D+03          -4.104970D-03
      9.339000D+02          -1.319870D-02
      3.600000D+02          -3.753420D-02
      1.470000D+02          -8.972330D-02
      6.288000D+01          -1.676710D-01
      2.760000D+01          -1.747630D-01
      1.108000D+01           1.149090D-01
      5.075000D+00           5.636180D-01
      2.278000D+00           4.416060D-01
      7.775000D-01           4.266970D-02
      3.527000D-01          -6.672290D-03
      1.431000D-01           1.907290D-03
S    1   1.00
      7.775000D-01           1.000000D+00
S    1   1.00
      3.527000D-01           1.000000D+00
S    16   1.00
      8.349000D+05           1.966450D-06
      1.250000D+05           1.526200D-05
      2.843000D+04           8.060860D-05
      8.033000D+03           3.399600D-04
      2.608000D+03           1.245510D-03
      9.339000D+02           3.996120D-03
      3.600000D+02           1.147510D-02
      1.470000D+02           2.755040D-02
      6.288000D+01           5.329170D-02
      2.760000D+01           5.712460D-02
      1.108000D+01          -3.952010D-02
      5.075000D+00          -2.643430D-01
      2.278000D+00          -3.492910D-01
      7.775000D-01           2.696710D-01
      3.527000D-01           6.760730D-01
      1.431000D-01           2.846790D-01
S    1   1.00
      1.431000D-01           1.000000D+00
P    11   1.00
      1.703000D+03           4.740390D-04
      4.036000D+02           4.064120D-03
      1.303000D+02           2.133550D-02
      4.905000D+01           7.946110D-02
      2.026000D+01           2.089270D-01
      8.787000D+00           3.649450D-01
      3.919000D+00           3.717250D-01
      1.765000D+00           1.462920D-01
      7.207000D-01           1.079060D-02
      2.839000D-01           1.170040D-03
      1.060000D-01           3.394080D-04
P    1   1.00
      7.207000D-01           1.000000D+00
P    11   1.00
      1.703000D+03          -1.282660D-04
      4.036000D+02          -1.093560D-03
      1.303000D+02          -5.834290D-03
      4.905000D+01          -2.192580D-02
      2.026000D+01          -6.013850D-02
      8.787000D+00          -1.069290D-01
      3.919000D+00          -1.224540D-01
      1.765000D+00           3.836190D-02
      7.207000D-01           3.852560D-01
      2.839000D-01           5.072650D-01
      1.060000D-01           2.272180D-01
P    1   1.00
      2.839000D-01           1.000000D+00
P    1   1.00
      1.060000D-01           1.000000D+00
D    1   1.00
      1.551000D+00           1.000000D+00
D    1   1.00
      6.280000D-01           1.000000D+00
D    1   1.00
      2.540000D-01           1.000000D+00
F    1   1.00
      1.089000D+00           1.000000D+00
F    1   1.00
      4.230000D-01           1.000000D+00
G    1   1.00
      8.270000D-01           1.0000000
****
