!----------------------------------------------------------------------
! Basis Set Exchange
! Version 0.11
! https://www.basissetexchange.org
!----------------------------------------------------------------------
!   Basis set: cc-pVQZ
! Description: cc-pVQZ
!        Role: orbital
!     Version: 1  (Data from ccRepo/Grant Hill)
!----------------------------------------------------------------------


F     0
S    12   1.00
      7.453000D+04           9.500000D-05
      1.117000D+04           7.380000D-04
      2.543000D+03           3.858000D-03
      7.210000D+02           1.592600D-02
      2.359000D+02           5.428900D-02
      8.560000D+01           1.495130D-01
      3.355000D+01           3.082520D-01
      1.393000D+01           3.948530D-01
      5.915000D+00           2.110310D-01
      1.843000D+00           1.715100D-02
      7.124000D-01          -2.015000D-03
      2.637000D-01           8.690000D-04
S    1   1.00
      1.843000D+00           1.000000D+00
S    1   1.00
      7.124000D-01           1.000000D+00
S    12   1.00
      7.453000D+04          -2.200000D-05
      1.117000D+04          -1.720000D-04
      2.543000D+03          -8.910000D-04
      7.210000D+02          -3.748000D-03
      2.359000D+02          -1.286200D-02
      8.560000D+01          -3.806100D-02
      3.355000D+01          -8.623900D-02
      1.393000D+01          -1.558650D-01
      5.915000D+00          -1.109140D-01
      1.843000D+00           2.987610D-01
      7.124000D-01           5.850130D-01
      2.637000D-01           2.711590D-01
S    1   1.00
      2.637000D-01           1.000000D+00
P    1   1.00
      1.953000D+00           1.000000D+00
P    6   1.00
      8.039000D+01           6.347000D-03
      1.863000D+01           4.420400D-02
      5.694000D+00           1.685140D-01
      1.953000D+00           3.615630D-01
      6.702000D-01           4.421780D-01
      2.166000D-01           2.434350D-01
P    1   1.00
      6.702000D-01           1.000000D+00
P    1   1.00
      2.166000D-01           1.000000D+00
D    1   1.00
      5.014000D+00           1.000000D+00
D    1   1.00
      1.725000D+00           1.000000D+00
D    1   1.00
      5.860000D-01           1.000000D+00
F    1   1.00
      3.562000D+00           1.000000D+00
F    1   1.00
      1.148000D+00           1.000000D+00
G    1   1.00
      2.376000D+00           1.0000000
****
