!----------------------------------------------------------------------
! Basis Set Exchange
! Version 0.11
! https://www.basissetexchange.org
!----------------------------------------------------------------------
!   Basis set: cc-pVQZ
! Description: cc-pVQZ
!        Role: orbital
!     Version: 1  (Data from ccRepo/Grant Hill)
!----------------------------------------------------------------------


Mg     0
S    16   1.00
      3.276000D+05           3.096080D-05
      4.905000D+04           2.409540D-04
      1.115000D+04           1.266600D-03
      3.152000D+03           5.333590D-03
      1.025000D+03           1.907700D-02
      3.688000D+02           5.880580D-02
      1.432000D+02           1.514540D-01
      5.896000D+01           3.007160D-01
      2.540000D+01           3.811490D-01
      1.115000D+01           2.135840D-01
      4.004000D+00           2.312100D-02
      1.701000D+00          -2.307570D-03
      7.060000D-01           1.289000D-03
      1.410000D-01          -4.263870D-04
      6.808000D-02           3.543200D-04
      3.063000D-02          -1.125880D-04
S    16   1.00
      3.276000D+05          -7.831730D-06
      4.905000D+04          -6.079350D-05
      1.115000D+04          -3.211970D-04
      3.152000D+03          -1.349550D-03
      1.025000D+03          -4.905700D-03
      3.688000D+02          -1.535610D-02
      1.432000D+02          -4.234090D-02
      5.896000D+01          -9.406030D-02
      2.540000D+01          -1.634250D-01
      1.115000D+01          -1.247540D-01
      4.004000D+00           2.356230D-01
      1.701000D+00           5.775630D-01
      7.060000D-01           3.352320D-01
      1.410000D-01           1.563380D-02
      6.808000D-02          -8.377990D-03
      3.063000D-02           2.230560D-03
S    1   1.00
      1.410000D-01           1.000000D+00
S    1   1.00
      6.808000D-02           1.000000D+00
S    16   1.00
      3.276000D+05           1.509080D-06
      4.905000D+04           1.171340D-05
      1.115000D+04           6.189800D-05
      3.152000D+03           2.600880D-04
      1.025000D+03           9.462180D-04
      3.688000D+02           2.965950D-03
      1.432000D+02           8.212450D-03
      5.896000D+01           1.839770D-02
      2.540000D+01           3.266570D-02
      1.115000D+01           2.573150D-02
      4.004000D+00          -5.353510D-02
      1.701000D+00          -1.568950D-01
      7.060000D-01          -2.066590D-01
      1.410000D-01           3.242980D-01
      6.808000D-02           5.526110D-01
      3.063000D-02           2.603520D-01
S    1   1.00
      3.063000D-02           1.000000D+00
P    12   1.00
      5.396000D+02           8.339690D-04
      1.279000D+02           6.892150D-03
      4.102000D+01           3.378740D-02
      1.525000D+01           1.144010D-01
      6.166000D+00           2.595140D-01
      2.561000D+00           3.850950D-01
      1.060000D+00           3.353730D-01
      4.176000D-01           1.106410D-01
      2.690000D-01          -1.213150D-02
      1.223000D-01           7.005620D-03
      5.476000D-02          -1.513350D-03
      2.388000D-02           4.489250D-04
P    1   1.00
      1.223000D-01           1.000000D+00
P    12   1.00
      5.396000D+02          -1.320760D-04
      1.279000D+02          -1.095380D-03
      4.102000D+01          -5.394950D-03
      1.525000D+01          -1.855720D-02
      6.166000D+00          -4.273750D-02
      2.561000D+00          -6.476840D-02
      1.060000D+00          -6.278180D-02
      4.176000D-01          -2.449120D-02
      2.690000D-01           1.047610D-01
      1.223000D-01           3.589090D-01
      5.476000D-02           4.925010D-01
      2.388000D-02           1.852800D-01
P    1   1.00
      5.476000D-02           1.000000D+00
P    1   1.00
      2.388000D-02           1.000000D+00
D    1   1.00
      3.651000D-01           1.000000D+00
D    1   1.00
      1.918000D-01           1.000000D+00
D    1   1.00
      1.008000D-01           1.000000D+00
F    1   1.00
      3.622000D-01           1.000000D+00
F    1   1.00
      1.791000D-01           1.000000D+00
G    1   1.00
      3.063000D-01           1.0000000
****
