!----------------------------------------------------------------------
! Basis Set Exchange
! Version 0.11
! https://www.basissetexchange.org
!----------------------------------------------------------------------
!   Basis set: cc-pVQZ
! Description: cc-pVQZ
!        Role: orbital
!     Version: 1  (Data from ccRepo/Grant Hill)
!----------------------------------------------------------------------


N     0
S    12   1.00
      4.584000D+04           9.200000D-05
      6.868000D+03           7.170000D-04
      1.563000D+03           3.749000D-03
      4.424000D+02           1.553200D-02
      1.443000D+02           5.314600D-02
      5.218000D+01           1.467870D-01
      2.034000D+01           3.046630D-01
      8.381000D+00           3.976840D-01
      3.529000D+00           2.176410D-01
      1.054000D+00           1.696300D-02
      4.118000D-01          -2.745000D-03
      1.552000D-01           9.530000D-04
S    1   1.00
      1.054000D+00           1.000000D+00
S    1   1.00
      4.118000D-01           1.000000D+00
S    12   1.00
      4.584000D+04          -2.000000D-05
      6.868000D+03          -1.590000D-04
      1.563000D+03          -8.240000D-04
      4.424000D+02          -3.478000D-03
      1.443000D+02          -1.196600D-02
      5.218000D+01          -3.538800D-02
      2.034000D+01          -8.007700D-02
      8.381000D+00          -1.467220D-01
      3.529000D+00          -1.163600D-01
      1.054000D+00           2.799190D-01
      4.118000D-01           5.854810D-01
      1.552000D-01           2.840280D-01
S    1   1.00
      1.552000D-01           1.000000D+00
P    1   1.00
      1.182000D+00           1.000000D+00
P    6   1.00
      4.933000D+01           5.533000D-03
      1.137000D+01           3.796200D-02
      3.435000D+00           1.490280D-01
      1.182000D+00           3.489220D-01
      4.173000D-01           4.589720D-01
      1.428000D-01           2.449230D-01
P    1   1.00
      4.173000D-01           1.000000D+00
P    1   1.00
      1.428000D-01           1.000000D+00
D    1   1.00
      2.837000D+00           1.000000D+00
D    1   1.00
      9.680000D-01           1.000000D+00
D    1   1.00
      3.350000D-01           1.000000D+00
F    1   1.00
      2.027000D+00           1.000000D+00
F    1   1.00
      6.850000D-01           1.000000D+00
G    1   1.00
      1.427000D+00           1.0000000
****
