!----------------------------------------------------------------------
! Basis Set Exchange
! Version 0.11
! https://www.basissetexchange.org
!----------------------------------------------------------------------
!   Basis set: cc-pVQZ
! Description: cc-pVQZ
!        Role: orbital
!     Version: 1  (Data from ccRepo/Grant Hill)
!----------------------------------------------------------------------


P     0
S    16   1.00
      6.152000D+05           2.474500D-05
      9.212000D+04           1.924650D-04
      2.095000D+04           1.012020D-03
      5.920000D+03           4.272610D-03
      1.922000D+03           1.541610D-02
      6.880000D+02           4.859760D-02
      2.650000D+02           1.300600D-01
      1.082000D+02           2.745140D-01
      4.622000D+01           3.854020D-01
      2.023000D+01           2.559340D-01
      7.859000D+00           3.912370D-02
      3.547000D+00          -3.680100D-03
      1.564000D+00           2.082110D-03
      4.888000D-01          -7.884790D-04
      2.266000D-01           4.540540D-04
      9.331000D-02          -1.266400D-04
S    16   1.00
      6.152000D+05          -6.722050D-06
      9.212000D+04          -5.223110D-05
      2.095000D+04          -2.753610D-04
      5.920000D+03          -1.163070D-03
      1.922000D+03          -4.242810D-03
      6.880000D+02          -1.361140D-02
      2.650000D+02          -3.851140D-02
      1.082000D+02          -9.066430D-02
      4.622000D+01          -1.665840D-01
      2.023000D+01          -1.614470D-01
      7.859000D+00           1.467810D-01
      3.547000D+00           5.666820D-01
      1.564000D+00           4.164330D-01
      4.888000D-01           3.438440D-02
      2.266000D-01          -7.806380D-03
      9.331000D-02           1.922590D-03
S    1   1.00
      4.888000D-01           1.000000D+00
S    1   1.00
      2.266000D-01           1.000000D+00
S    16   1.00
      6.152000D+05           1.847400D-06
      9.212000D+04           1.433800D-05
      2.095000D+04           7.572280D-05
      5.920000D+03           3.192050D-04
      1.922000D+03           1.168510D-03
      6.880000D+02           3.742670D-03
      2.650000D+02           1.068170D-02
      1.082000D+02           2.526570D-02
      4.622000D+01           4.792830D-02
      2.023000D+01           4.770960D-02
      7.859000D+00          -4.665250D-02
      3.547000D+00          -2.349680D-01
      1.564000D+00          -3.113370D-01
      4.888000D-01           2.571090D-01
      2.266000D-01           6.536550D-01
      9.331000D-02           2.942120D-01
S    1   1.00
      9.331000D-02           1.000000D+00
P    11   1.00
      1.367000D+03           4.210150D-04
      3.240000D+02           3.609850D-03
      1.046000D+02           1.892170D-02
      3.937000D+01           7.055600D-02
      1.626000D+01           1.881570D-01
      7.056000D+00           3.387090D-01
      3.130000D+00           3.819430D-01
      1.394000D+00           1.952610D-01
      5.179000D-01           1.994160D-02
      2.032000D-01          -1.351210D-03
      7.698000D-02           5.171440D-04
P    1   1.00
      5.179000D-01           1.000000D+00
P    1   1.00
      2.032000D-01           1.000000D+00
P    11   1.00
      1.367000D+03          -1.008270D-04
      3.240000D+02          -8.544990D-04
      1.046000D+02          -4.571160D-03
      3.937000D+01          -1.703270D-02
      1.626000D+01          -4.752040D-02
      7.056000D+00          -8.527860D-02
      3.130000D+00          -1.096760D-01
      1.394000D+00          -1.611810D-02
      5.179000D-01           3.228930D-01
      2.032000D-01           5.457380D-01
      7.698000D-02           2.685380D-01
P    1   1.00
      7.698000D-02           1.000000D+00
D    1   1.00
      1.036000D+00           1.000000D+00
D    1   1.00
      4.130000D-01           1.000000D+00
D    1   1.00
      1.650000D-01           1.000000D+00
F    1   1.00
      7.030000D-01           1.000000D+00
F    1   1.00
      2.800000D-01           1.000000D+00
G    1   1.00
      5.970000D-01           1.0000000
****
