!----------------------------------------------------------------------
! Basis Set Exchange
! Version 0.11
! https://www.basissetexchange.org
!----------------------------------------------------------------------
!   Basis set: cc-pVQZ
! Description: cc-pVQZ
!        Role: orbital
!     Version: 1  (Data from ccRepo/Grant Hill)
!----------------------------------------------------------------------


S     0
S    16   1.00
      7.278000D+05           2.360250D-05
      1.090000D+05           1.834820D-04
      2.480000D+04           9.642780D-04
      7.014000D+03           4.065370D-03
      2.278000D+03           1.469730D-02
      8.147000D+02           4.650810D-02
      3.134000D+02           1.255080D-01
      1.277000D+02           2.684330D-01
      5.448000D+01           3.848090D-01
      2.385000D+01           2.653720D-01
      9.428000D+00           4.373260D-02
      4.290000D+00          -3.788070D-03
      1.909000D+00           2.180830D-03
      6.270000D-01          -8.369440D-04
      2.873000D-01           4.480880D-04
      1.172000D-01          -1.252930D-04
S    16   1.00
      7.278000D+05          -6.521790D-06
      1.090000D+05          -5.066310D-05
      2.480000D+04          -2.668330D-04
      7.014000D+03          -1.126010D-03
      2.278000D+03          -4.111860D-03
      8.147000D+02          -1.324540D-02
      3.134000D+02          -3.770040D-02
      1.277000D+02          -8.985540D-02
      5.448000D+01          -1.670980D-01
      2.385000D+01          -1.693540D-01
      9.428000D+00           1.278240D-01
      4.290000D+00           5.648620D-01
      1.909000D+00           4.317670D-01
      6.270000D-01           3.893980D-02
      2.873000D-01          -7.302600D-03
      1.172000D-01           1.923270D-03
S    1   1.00
      6.270000D-01           1.000000D+00
S    1   1.00
      2.873000D-01           1.000000D+00
S    16   1.00
      7.278000D+05           1.894060D-06
      1.090000D+05           1.469480D-05
      2.480000D+04           7.754600D-05
      7.014000D+03           3.265090D-04
      2.278000D+03           1.196860D-03
      8.147000D+02           3.847990D-03
      3.134000D+02           1.105390D-02
      1.277000D+02           2.646450D-02
      5.448000D+01           5.087710D-02
      2.385000D+01           5.300300D-02
      9.428000D+00          -4.255180D-02
      4.290000D+00          -2.508530D-01
      1.909000D+00          -3.331520D-01
      6.270000D-01           2.637960D-01
      2.873000D-01           6.668490D-01
      1.172000D-01           2.884510D-01
S    1   1.00
      1.172000D-01           1.000000D+00
P    11   1.00
      1.546000D+03           4.411830D-04
      3.664000D+02           3.775710D-03
      1.184000D+02           1.983600D-02
      4.453000D+01           7.420630D-02
      1.838000D+01           1.973270D-01
      7.965000D+00           3.518510D-01
      3.541000D+00           3.786870D-01
      1.591000D+00           1.709310D-01
      6.205000D-01           1.515870D-02
      2.420000D-01           6.719810D-05
      9.014000D-02           4.054910D-04
P    1   1.00
      6.205000D-01           1.000000D+00
P    11   1.00
      1.546000D+03          -1.131100D-04
      3.664000D+02          -9.585810D-04
      1.184000D+02          -5.134710D-03
      4.453000D+01          -1.926410D-02
      1.838000D+01          -5.359800D-02
      7.965000D+00          -9.603330D-02
      3.541000D+00          -1.181830D-01
      1.591000D+00           9.231940D-03
      6.205000D-01           3.588410D-01
      2.420000D-01           5.258180D-01
      9.014000D-02           2.488720D-01
P    1   1.00
      2.420000D-01           1.000000D+00
P    1   1.00
      9.014000D-02           1.000000D+00
D    1   1.00
      1.250000D+00           1.000000D+00
D    1   1.00
      5.040000D-01           1.000000D+00
D    1   1.00
      2.030000D-01           1.000000D+00
F    1   1.00
      8.690000D-01           1.000000D+00
F    1   1.00
      3.350000D-01           1.000000D+00
G    1   1.00
      6.830000D-01           1.0000000
****
