!----------------------------------------------------------------------
! Basis Set Exchange
! Version 0.11
! https://www.basissetexchange.org
!----------------------------------------------------------------------
!   Basis set: cc-pVQZ
! Description: cc-pVQZ
!        Role: orbital
!     Version: 1  (Data from ccRepo/Grant Hill)
!----------------------------------------------------------------------


Si     0
S    16   1.00
      5.130000D+05           2.609200D-05
      7.682000D+04           2.029050D-04
      1.747000D+04           1.067150D-03
      4.935000D+03           4.505970D-03
      1.602000D+03           1.623590D-02
      5.741000D+02           5.089130D-02
      2.215000D+02           1.351550D-01
      9.054000D+01           2.812920D-01
      3.874000D+01           3.853360D-01
      1.695000D+01           2.456510D-01
      6.452000D+00           3.431450D-02
      2.874000D+00          -3.348840D-03
      1.250000D+00           1.876250D-03
      3.599000D-01          -6.933270D-04
      1.699000D-01           4.383080D-04
      7.066000D-02          -1.226160D-04
S    16   1.00
      5.130000D+05          -6.948800D-06
      7.682000D+04          -5.396410D-05
      1.747000D+04          -2.847160D-04
      4.935000D+03          -1.202030D-03
      1.602000D+03          -4.383970D-03
      5.741000D+02          -1.397760D-02
      2.215000D+02          -3.935160D-02
      9.054000D+01          -9.142830D-02
      3.874000D+01          -1.656090D-01
      1.695000D+01          -1.525050D-01
      6.452000D+00           1.685240D-01
      2.874000D+00           5.692840D-01
      1.250000D+00           3.980560D-01
      3.599000D-01           2.915090D-02
      1.699000D-01          -8.489760D-03
      7.066000D-02           1.996030D-03
S    1   1.00
      3.599000D-01           1.000000D+00
S    1   1.00
      1.699000D-01           1.000000D+00
S    16   1.00
      5.130000D+05           1.780680D-06
      7.682000D+04           1.381480D-05
      1.747000D+04           7.300050D-05
      4.935000D+03           3.076660D-04
      1.602000D+03           1.125630D-03
      5.741000D+02           3.584350D-03
      2.215000D+02           1.017280D-02
      9.054000D+01           2.375200D-02
      3.874000D+01           4.434830D-02
      1.695000D+01           4.190410D-02
      6.452000D+00          -5.025040D-02
      2.874000D+00          -2.165780D-01
      1.250000D+00          -2.864480D-01
      3.599000D-01           2.632560D-01
      1.699000D-01           6.349000D-01
      7.066000D-02           2.908320D-01
S    1   1.00
      7.066000D-02           1.000000D+00
P    11   1.00
      1.122000D+03           4.481430D-04
      2.660000D+02           3.816390D-03
      8.592000D+01           1.981050D-02
      3.233000D+01           7.270170D-02
      1.337000D+01           1.898390D-01
      5.800000D+00           3.356720D-01
      2.559000D+00           3.793650D-01
      1.124000D+00           2.011930D-01
      3.988000D-01           2.085150D-02
      1.533000D-01          -1.702580D-03
      5.728000D-02           7.500480D-04
P    1   1.00
      3.988000D-01           1.000000D+00
P    1   1.00
      1.533000D-01           1.000000D+00
P    11   1.00
      1.122000D+03          -9.648830D-05
      2.660000D+02          -8.119710D-04
      8.592000D+01          -4.300870D-03
      3.233000D+01          -1.575020D-02
      1.337000D+01          -4.295410D-02
      5.800000D+00          -7.525740D-02
      2.559000D+00          -9.714460D-02
      1.124000D+00          -2.275070D-02
      3.988000D-01           2.919880D-01
      1.533000D-01           5.506700D-01
      5.728000D-02           2.976180D-01
P    1   1.00
      5.728000D-02           1.000000D+00
D    1   1.00
      7.600000D-01           1.000000D+00
D    1   1.00
      3.020000D-01           1.000000D+00
D    1   1.00
      1.200000D-01           1.000000D+00
F    1   1.00
      5.410000D-01           1.000000D+00
F    1   1.00
      2.120000D-01           1.000000D+00
G    1   1.00
      4.610000D-01           1.0000000
****
