!----------------------------------------------------------------------
! Basis Set Exchange
! Version 0.11
! https://www.basissetexchange.org
!----------------------------------------------------------------------
!   Basis set: cc-pV5Z
! Description: cc-pV5Z
!        Role: orbital
!     Version: 1  (Data from ccRepo/Grant Hill)
!----------------------------------------------------------------------


Al     0
S    20   1.00
      3.269000D+06           2.139620D-06
      4.894000D+05           1.662640D-05
      1.114000D+05           8.751680D-05
      3.156000D+04           3.689900D-04
      1.032000D+04           1.339030D-03
      3.731000D+03           4.356360D-03
      1.456000D+03           1.289550D-02
      6.041000D+02           3.482010D-02
      2.635000D+02           8.435300D-02
      1.198000D+02           1.759070D-01
      5.632000D+01           2.920910D-01
      2.719000D+01           3.282200D-01
      1.326000D+01           1.869270D-01
      6.052000D+00           3.104300D-02
      2.981000D+00          -5.089220D-04
      1.476000D+00           1.488360D-03
      7.334000D-01          -2.782410D-04
      2.447000D-01           1.187520D-04
      1.088000D-01          -6.615000D-05
      4.672000D-02           1.759540D-05
S    20   1.00
      3.269000D+06          -5.560260D-07
      4.894000D+05          -4.323030D-06
      1.114000D+05          -2.274130D-05
      3.156000D+04          -9.601160D-05
      1.032000D+04          -3.483760D-04
      3.731000D+03          -1.138360D-03
      1.456000D+03          -3.387440D-03
      6.041000D+02          -9.315050D-03
      2.635000D+02          -2.330230D-02
      1.198000D+02          -5.234860D-02
      5.632000D+01          -9.994990D-02
      2.719000D+01          -1.505600D-01
      1.326000D+01          -1.191210D-01
      6.052000D+00           1.080910D-01
      2.981000D+00           4.111290D-01
      1.476000D+00           4.572140D-01
      7.334000D-01           1.759380D-01
      2.447000D-01           7.706100D-03
      1.088000D-01          -1.661680D-03
      4.672000D-02           4.453470D-04
S    1   1.00
      7.334000D-01           1.000000D+00
S    1   1.00
      2.447000D-01           1.000000D+00
S    1   1.00
      1.088000D-01           1.000000D+00
S    20   1.00
      3.269000D+06           1.284230D-07
      4.894000D+05           9.975140D-07
      1.114000D+05           5.254800D-06
      3.156000D+04           2.214500D-05
      1.032000D+04           8.054640D-05
      3.731000D+03           2.625060D-04
      1.456000D+03           7.842200D-04
      6.041000D+02           2.150390D-03
      2.635000D+02           5.419740D-03
      1.198000D+02           1.216860D-02
      5.632000D+01           2.368230D-02
      2.719000D+01           3.609370D-02
      1.326000D+01           3.032840D-02
      6.052000D+00          -3.090340D-02
      2.981000D+00          -1.191260D-01
      1.476000D+00          -2.111450D-01
      7.334000D-01          -1.579440D-01
      2.447000D-01           3.390380D-01
      1.088000D-01           6.130970D-01
      4.672000D-02           2.351680D-01
S    1   1.00
      4.672000D-02           1.000000D+00
P    12   1.00
      1.461000D+03           2.086130D-04
      3.462000D+02           1.810050D-03
      1.122000D+02           9.734330D-03
      4.251000D+01           3.782660D-02
      1.772000D+01           1.108980D-01
      7.852000D+00           2.342950D-01
      3.571000D+00           3.452450D-01
      1.637000D+00           3.314300D-01
      7.382000D-01           1.470640D-01
      2.577000D-01           1.214110D-02
      9.773000D-02          -8.716390D-04
      3.690000D-02           4.379570D-04
P    1   1.00
      7.382000D-01           1.000000D+00
P    1   1.00
      2.577000D-01           1.000000D+00
P    1   1.00
      9.773000D-02           1.000000D+00
P    12   1.00
      1.461000D+03          -3.719470D-05
      3.462000D+02          -3.285630D-04
      1.122000D+02          -1.742640D-03
      4.251000D+01          -6.948280D-03
      1.772000D+01          -2.028070D-02
      7.852000D+00          -4.486570D-02
      3.571000D+00          -6.432780D-02
      1.637000D+00          -7.526660D-02
      7.382000D-01           6.160080D-04
      2.577000D-01           2.878190D-01
      9.773000D-02           5.430300D-01
      3.690000D-02           3.018650D-01
P    1   1.00
      3.690000D-02           1.000000D+00
D    1   1.00
      1.317000D+00           1.000000D+00
D    1   1.00
      5.260000D-01           1.000000D+00
D    1   1.00
      2.100000D-01           1.000000D+00
D    1   1.00
      8.400000D-02           1.000000D+00
F    1   1.00
      5.130000D-01           1.000000D+00
F    1   1.00
      2.580000D-01           1.000000D+00
F    1   1.00
      1.300000D-01           1.000000D+00
G    1   1.00
      5.430000D-01           1.000000D+00
G    1   1.00
      2.520000D-01           1.000000D+00
H    1   1.00
      4.460000D-01           1.0000000
****
