!----------------------------------------------------------------------
! Basis Set Exchange
! Version 0.11
! https://www.basissetexchange.org
!----------------------------------------------------------------------
!   Basis set: cc-pV5Z
! Description: cc-pV5Z
!        Role: orbital
!     Version: 1  (Data from ccRepo/Grant Hill)
!----------------------------------------------------------------------


Ar     0
S    20   1.00
      7.401000D+06           1.750000D-06
      1.108000D+06           1.361000D-05
      2.521000D+05           7.163000D-05
      7.138000D+04           3.030300D-04
      2.326000D+04           1.106080D-03
      8.390000D+03           3.606710D-03
      3.271000D+03           1.071321D-02
      1.357000D+03           2.910677D-02
      5.920000D+02           7.166011D-02
      2.691000D+02           1.541405D-01
      1.265000D+02           2.704171D-01
      6.103000D+01           3.348547D-01
      2.986000D+01           2.243463D-01
      1.417000D+01           5.000284D-02
      7.022000D+00           6.459000D-05
      3.511000D+00           1.686410D-03
      1.758000D+00          -5.809600D-04
      7.841000D-01           1.967000D-04
      3.480000D-01          -1.112500D-04
      1.491000D-01           2.061000D-05
S    20   1.00
      7.401000D+06          -5.000000D-07
      1.108000D+06          -3.870000D-06
      2.521000D+05          -2.034000D-05
      7.138000D+04          -8.609000D-05
      2.326000D+04          -3.144400D-04
      8.390000D+03          -1.028410D-03
      3.271000D+03          -3.072670D-03
      1.357000D+03          -8.475320D-03
      5.920000D+02          -2.152008D-02
      2.691000D+02          -4.944932D-02
      1.265000D+02          -9.877592D-02
      6.103000D+01          -1.583082D-01
      2.986000D+01          -1.514030D-01
      1.417000D+01           5.824264D-02
      7.022000D+00           4.293830D-01
      3.511000D+00           4.990888D-01
      1.758000D+00           1.602784D-01
      7.841000D-01           8.839600D-03
      3.480000D-01           1.131300D-03
      1.491000D-01           2.237700D-04
S    1   1.00
      1.758000D+00           1.000000D+00
S    1   1.00
      7.841000D-01           1.000000D+00
S    1   1.00
      3.480000D-01           1.000000D+00
S    20   1.00
      7.401000D+06           1.600000D-07
      1.108000D+06           1.210000D-06
      2.521000D+05           6.360000D-06
      7.138000D+04           2.689000D-05
      2.326000D+04           9.834000D-05
      8.390000D+03           3.212900D-04
      3.271000D+03           9.620000D-04
      1.357000D+03           2.652450D-03
      5.920000D+02           6.770350D-03
      2.691000D+02           1.561727D-02
      1.265000D+02           3.171666D-02
      6.103000D+01           5.199742D-02
      2.986000D+01           5.247514D-02
      1.417000D+01          -2.264147D-02
      7.022000D+00          -1.860623D-01
      3.511000D+00          -3.501455D-01
      1.758000D+00          -1.276828D-01
      7.841000D-01           4.533453D-01
      3.480000D-01           6.098824D-01
      1.491000D-01           1.880992D-01
S    1   1.00
      1.491000D-01           1.000000D+00
P    12   1.00
      2.927000D+03           2.319900D-04
      6.935000D+02           2.023290D-03
      2.247000D+02           1.103401D-02
      8.517000D+01           4.383970D-02
      3.553000D+01           1.303590D-01
      1.573000D+01           2.757499D-01
      7.165000D+00           3.876433D-01
      3.322000D+00           2.874074D-01
      1.478000D+00           6.575812D-02
      6.552000D-01           1.473900D-04
      2.751000D-01           1.138790D-03
      1.097000D-01          -2.525300D-04
P    1   1.00
      1.478000D+00           1.000000D+00
P    1   1.00
      6.552000D-01           1.000000D+00
P    12   1.00
      2.927000D+03          -6.491000D-05
      6.935000D+02          -5.653100D-04
      2.247000D+02          -3.109880D-03
      8.517000D+01          -1.246964D-02
      3.553000D+01          -3.822465D-02
      1.573000D+01          -8.307918D-02
      7.165000D+00          -1.245941D-01
      3.322000D+00          -8.329713D-02
      1.478000D+00           1.639825D-01
      6.552000D-01           4.314312D-01
      2.751000D-01           4.290406D-01
      1.097000D-01           1.540010D-01
P    1   1.00
      2.751000D-01           1.000000D+00
P    1   1.00
      1.097000D-01           1.000000D+00
D    1   1.00
      4.776000D+00           1.000000D+00
D    1   1.00
      1.917000D+00           1.000000D+00
D    1   1.00
      7.700000D-01           1.000000D+00
D    1   1.00
      3.090000D-01           1.000000D+00
F    1   1.00
      1.668000D+00           1.000000D+00
F    1   1.00
      8.250000D-01           1.000000D+00
F    1   1.00
      4.080000D-01           1.000000D+00
G    1   1.00
      1.562000D+00           1.000000D+00
G    1   1.00
      6.650000D-01           1.000000D+00
H    1   1.00
      1.264000D+00           1.0000000
****
