!----------------------------------------------------------------------
! Basis Set Exchange
! Version 0.11
! https://www.basissetexchange.org
!----------------------------------------------------------------------
!   Basis set: cc-pV5Z
! Description: cc-pV5Z
!        Role: orbital
!     Version: 1  (Data from ccRepo/Grant Hill)
!----------------------------------------------------------------------


B     0
S    14   1.00
      6.826000D+04           2.400000D-05
      1.023000D+04           1.850000D-04
      2.328000D+03           9.700000D-04
      6.604000D+02           4.056000D-03
      2.162000D+02           1.439900D-02
      7.860000D+01           4.390100D-02
      3.098000D+01           1.130570D-01
      1.296000D+01           2.338250D-01
      5.659000D+00           3.539600D-01
      2.556000D+00           3.015470D-01
      1.175000D+00           8.752100D-02
      4.249000D-01           2.819000D-03
      1.712000D-01           4.300000D-05
      6.913000D-02           7.800000D-05
S    1   1.00
      1.175000D+00           1.000000D+00
S    1   1.00
      4.249000D-01           1.000000D+00
S    1   1.00
      1.712000D-01           1.000000D+00
S    14   1.00
      6.826000D+04          -5.000000D-06
      1.023000D+04          -3.700000D-05
      2.328000D+03          -1.960000D-04
      6.604000D+02          -8.240000D-04
      2.162000D+02          -2.923000D-03
      7.860000D+01          -9.138000D-03
      3.098000D+01          -2.410500D-02
      1.296000D+01          -5.475500D-02
      5.659000D+00          -9.694300D-02
      2.556000D+00          -1.374850D-01
      1.175000D+00          -4.456500D-02
      4.249000D-01           3.243450D-01
      1.712000D-01           5.704140D-01
      6.913000D-02           2.434440D-01
S    1   1.00
      6.913000D-02           1.000000D+00
P    1   1.00
      7.008000D-01           1.000000D+00
P    1   1.00
      2.901000D-01           1.000000D+00
P    8   1.00
      6.644000D+01           8.380000D-04
      1.571000D+01           6.409000D-03
      4.936000D+00           2.808100D-02
      1.770000D+00           9.215200D-02
      7.008000D-01           2.241640D-01
      2.901000D-01           3.699150D-01
      1.211000D-01           3.744410D-01
      4.973000D-02           1.390860D-01
P    1   1.00
      1.211000D-01           1.000000D+00
P    1   1.00
      4.973000D-02           1.000000D+00
D    1   1.00
      2.010000D+00           1.000000D+00
D    1   1.00
      7.960000D-01           1.000000D+00
D    1   1.00
      3.160000D-01           1.000000D+00
D    1   1.00
      1.250000D-01           1.000000D+00
F    1   1.00
      1.215000D+00           1.000000D+00
F    1   1.00
      5.250000D-01           1.000000D+00
F    1   1.00
      2.270000D-01           1.000000D+00
G    1   1.00
      1.124000D+00           1.000000D+00
G    1   1.00
      4.610000D-01           1.000000D+00
H    1   1.00
      8.340000D-01           1.0000000
****
