!----------------------------------------------------------------------
! Basis Set Exchange
! Version 0.11
! https://www.basissetexchange.org
!----------------------------------------------------------------------
!   Basis set: cc-pV5Z
! Description: cc-pV5Z
!        Role: orbital
!     Version: 1  (Data from ccRepo/Grant Hill)
!----------------------------------------------------------------------


Be     0
S    14   1.00
      5.462000D+04           1.800000D-05
      8.180000D+03           1.380000D-04
      1.862000D+03           7.230000D-04
      5.273000D+02           3.039000D-03
      1.720000D+02           1.090800D-02
      6.210000D+01           3.403500D-02
      2.421000D+01           9.119300D-02
      9.993000D+00           1.992680D-01
      4.305000D+00           3.293550D-01
      1.921000D+00           3.404890D-01
      8.663000D-01           1.437400D-01
      2.475000D-01           6.517000D-03
      1.009000D-01          -1.865000D-03
      4.129000D-02           4.800000D-04
S    1   1.00
      8.663000D-01           1.000000D+00
S    1   1.00
      2.475000D-01           1.000000D+00
S    1   1.00
      1.009000D-01           1.000000D+00
S    14   1.00
      5.462000D+04          -3.000000D-06
      8.180000D+03          -2.500000D-05
      1.862000D+03          -1.310000D-04
      5.273000D+02          -5.580000D-04
      1.720000D+02          -1.988000D-03
      6.210000D+01          -6.370000D-03
      2.421000D+01          -1.721700D-02
      9.993000D+00          -4.085800D-02
      4.305000D+00          -7.423700D-02
      1.921000D+00          -1.192340D-01
      8.663000D-01          -8.777700D-02
      2.475000D-01           2.787880D-01
      1.009000D-01           5.834990D-01
      4.129000D-02           2.690070D-01
S    1   1.00
      4.129000D-02           1.000000D+00
P    1   1.00
      4.334000D-01           1.000000D+00
P    1   1.00
      1.808000D-01           1.000000D+00
P    8   1.00
      4.375000D+01           6.330000D-04
      1.033000D+01           4.808000D-03
      3.226000D+00           2.052700D-02
      1.127000D+00           6.781600D-02
      4.334000D-01           1.928680D-01
      1.808000D-01           3.786920D-01
      7.827000D-02           4.005740D-01
      3.372000D-02           1.380670D-01
P    1   1.00
      7.827000D-02           1.000000D+00
P    1   1.00
      3.372000D-02           1.000000D+00
D    1   1.00
      1.717500D+00           1.000000D+00
D    1   1.00
      7.646000D-01           1.000000D+00
D    1   1.00
      3.404000D-01           1.000000D+00
D    1   1.00
      1.515000D-01           1.000000D+00
F    1   1.00
      6.127000D-01           1.000000D+00
F    1   1.00
      3.568000D-01           1.000000D+00
F    1   1.00
      2.078000D-01           1.000000D+00
G    1   1.00
      5.980000D-01           1.000000D+00
G    1   1.00
      3.183000D-01           1.000000D+00
H    1   1.00
      5.142000D-01           1.0000000
****
