!----------------------------------------------------------------------
! Basis Set Exchange
! Version 0.11
! https://www.basissetexchange.org
!----------------------------------------------------------------------
!   Basis set: cc-pV5Z
! Description: cc-pV5Z
!        Role: orbital
!     Version: 1  (Data from ccRepo/Grant Hill)
!----------------------------------------------------------------------


Cl     0
S    20   1.00
      6.410000D+06           1.813500D-06
      9.596000D+05           1.411180D-05
      2.183000D+05           7.424060D-05
      6.181000D+04           3.141310D-04
      2.014000D+04           1.146420D-03
      7.264000D+03           3.738880D-03
      2.832000D+03           1.109460D-02
      1.175000D+03           3.011520D-02
      5.126000D+02           7.391450D-02
      2.330000D+02           1.582580D-01
      1.095000D+02           2.747530D-01
      5.286000D+01           3.340660D-01
      2.584000D+01           2.175890D-01
      1.217000D+01           4.572780D-02
      6.030000D+00          -1.347390D-04
      3.012000D+00           1.639330D-03
      1.511000D+00          -5.222120D-04
      6.604000D-01           1.806480D-04
      2.926000D-01          -9.993120D-05
      1.254000D-01           1.921750D-05
S    20   1.00
      6.410000D+06          -5.083030D-07
      9.596000D+05          -3.956330D-06
      2.183000D+05          -2.080950D-05
      6.181000D+04          -8.811750D-05
      2.014000D+04          -3.217420D-04
      7.264000D+03          -1.052770D-03
      2.832000D+03          -3.141830D-03
      1.175000D+03          -8.663630D-03
      5.126000D+02          -2.193530D-02
      2.330000D+02          -5.025840D-02
      1.095000D+02          -9.954140D-02
      5.286000D+01          -1.576470D-01
      2.584000D+01          -1.460240D-01
      1.217000D+01           6.922300D-02
      6.030000D+00           4.304120D-01
      3.012000D+00           4.908020D-01
      1.511000D+00           1.583900D-01
      6.604000D-01           8.398850D-03
      2.926000D-01           7.684840D-04
      1.254000D-01           2.271460D-04
S    1   1.00
      1.511000D+00           1.000000D+00
S    1   1.00
      6.604000D-01           1.000000D+00
S    1   1.00
      2.926000D-01           1.000000D+00
S    20   1.00
      6.410000D+06           1.538080D-07
      9.596000D+05           1.196540D-06
      2.183000D+05           6.298280D-06
      6.181000D+04           2.664500D-05
      2.014000D+04           9.741620D-05
      7.264000D+03           3.183600D-04
      2.832000D+03           9.523770D-04
      1.175000D+03           2.624300D-03
      5.126000D+02           6.681600D-03
      2.330000D+02           1.535950D-02
      1.095000D+02           3.094320D-02
      5.286000D+01           5.006380D-02
      2.584000D+01           4.897820D-02
      1.217000D+01          -2.608070D-02
      6.030000D+00          -1.784260D-01
      3.012000D+00          -3.323240D-01
      1.511000D+00          -1.320080D-01
      6.604000D-01           4.405560D-01
      2.926000D-01           6.118910D-01
      1.254000D-01           1.931720D-01
S    1   1.00
      1.254000D-01           1.000000D+00
P    12   1.00
      2.548000D+03           2.357020D-04
      6.037000D+02           2.051580D-03
      1.956000D+02           1.115430D-02
      7.415000D+01           4.398160D-02
      3.094000D+01           1.299940D-01
      1.369000D+01           2.729590D-01
      6.229000D+00           3.836900D-01
      2.878000D+00           2.918700D-01
      1.282000D+00           7.044640D-02
      5.641000D-01           1.287610D-03
      2.348000D-01           1.826230D-03
      9.312000D-02           1.990130D-05
P    1   1.00
      1.282000D+00           1.000000D+00
P    1   1.00
      5.641000D-01           1.000000D+00
P    12   1.00
      2.548000D+03          -6.354100D-05
      6.037000D+02          -5.532590D-04
      1.956000D+02          -3.027950D-03
      7.415000D+01          -1.206500D-02
      3.094000D+01          -3.663480D-02
      1.369000D+01          -7.907640D-02
      6.229000D+00          -1.174220D-01
      2.878000D+00          -8.609430D-02
      1.282000D+00           1.403080D-01
      5.641000D-01           4.223360D-01
      2.348000D-01           4.463630D-01
      9.312000D-02           1.666340D-01
P    1   1.00
      2.348000D-01           1.000000D+00
P    1   1.00
      9.312000D-02           1.000000D+00
D    1   1.00
      3.781000D+00           1.000000D+00
D    1   1.00
      1.529000D+00           1.000000D+00
D    1   1.00
      6.180000D-01           1.000000D+00
D    1   1.00
      2.500000D-01           1.000000D+00
F    1   1.00
      1.345000D+00           1.000000D+00
F    1   1.00
      6.560000D-01           1.000000D+00
F    1   1.00
      3.200000D-01           1.000000D+00
G    1   1.00
      1.302000D+00           1.000000D+00
G    1   1.00
      5.560000D-01           1.000000D+00
H    1   1.00
      1.053000D+00           1.0000000
****
