!----------------------------------------------------------------------
! Basis Set Exchange
! Version 0.11
! https://www.basissetexchange.org
!----------------------------------------------------------------------
!   Basis set: cc-pV5Z
! Description: cc-pV5Z
!        Role: orbital
!     Version: 1  (Data from ccRepo/Grant Hill)
!----------------------------------------------------------------------


F     0
S    14   1.00
      2.114000D+05           2.600000D-05
      3.166000D+04           2.010000D-04
      7.202000D+03           1.056000D-03
      2.040000D+03           4.432000D-03
      6.664000D+02           1.576600D-02
      2.420000D+02           4.811200D-02
      9.553000D+01           1.232320D-01
      4.023000D+01           2.515190D-01
      1.772000D+01           3.645250D-01
      8.005000D+00           2.797660D-01
      3.538000D+00           6.354500D-02
      1.458000D+00           1.111000D-03
      5.887000D-01           1.258000D-03
      2.324000D-01          -3.500000D-05
S    1   1.00
      3.538000D+00           1.000000D+00
S    1   1.00
      1.458000D+00           1.000000D+00
S    14   1.00
      2.114000D+05          -6.000000D-06
      3.166000D+04          -4.700000D-05
      7.202000D+03          -2.440000D-04
      2.040000D+03          -1.031000D-03
      6.664000D+02          -3.683000D-03
      2.420000D+02          -1.151300D-02
      9.553000D+01          -3.066300D-02
      4.023000D+01          -6.957200D-02
      1.772000D+01          -1.239920D-01
      8.005000D+00          -1.502140D-01
      3.538000D+00           1.646000D-02
      1.458000D+00           3.925500D-01
      5.887000D-01           5.321640D-01
      2.324000D-01           1.965240D-01
S    1   1.00
      5.887000D-01           1.000000D+00
S    1   1.00
      2.324000D-01           1.000000D+00
P    1   1.00
      2.622000D+00           1.000000D+00
P    1   1.00
      1.057000D+00           1.000000D+00
P    8   1.00
      2.419000D+02           1.002000D-03
      5.717000D+01           8.054000D-03
      1.813000D+01           3.804800D-02
      6.624000D+00           1.237790D-01
      2.622000D+00           2.660600D-01
      1.057000D+00           3.717960D-01
      4.176000D-01           3.328900D-01
      1.574000D-01           1.284910D-01
P    1   1.00
      4.176000D-01           1.000000D+00
P    1   1.00
      1.574000D-01           1.000000D+00
D    1   1.00
      7.760000D+00           1.000000D+00
D    1   1.00
      3.032000D+00           1.000000D+00
D    1   1.00
      1.185000D+00           1.000000D+00
D    1   1.00
      4.630000D-01           1.000000D+00
F    1   1.00
      5.398000D+00           1.000000D+00
F    1   1.00
      2.078000D+00           1.000000D+00
F    1   1.00
      8.000000D-01           1.000000D+00
G    1   1.00
      4.338000D+00           1.000000D+00
G    1   1.00
      1.513000D+00           1.000000D+00
H    1   1.00
      2.995000D+00           1.0000000
****
