!----------------------------------------------------------------------
! Basis Set Exchange
! Version 0.11
! https://www.basissetexchange.org
!----------------------------------------------------------------------
!   Basis set: cc-pV5Z
! Description: cc-pV5Z
!        Role: orbital
!     Version: 1  (Data from ccRepo/Grant Hill)
!----------------------------------------------------------------------


Na     0
S    20   1.00
      2.185572D+06           2.000000D-06
      3.272284D+05           1.800000D-05
      7.446684D+04           9.500000D-05
      2.109315D+04           4.010000D-04
      6.881898D+03           1.459000D-03
      2.484696D+03           4.746000D-03
      9.692232D+02           1.403100D-02
      4.020643D+02           3.773300D-02
      1.753545D+02           9.070200D-02
      7.965199D+01           1.864660D-01
      3.738672D+01           3.018370D-01
      1.800194D+01           3.238300D-01
      8.724371D+00           1.687000D-01
      3.857715D+00           2.308300D-02
      1.815686D+00          -1.470000D-04
      8.382540D-01           1.099000D-03
      3.819350D-01          -1.010000D-04
      7.167900D-02           6.100000D-05
      3.391600D-02          -5.300000D-05
      1.652500D-02           1.800000D-05
S    20   1.00
      2.185572D+06          -1.000000D-06
      3.272284D+05          -4.000000D-06
      7.446684D+04          -2.300000D-05
      2.109315D+04          -9.800000D-05
      6.881898D+03          -3.570000D-04
      2.484696D+03          -1.165000D-03
      9.692232D+02          -3.464000D-03
      4.020643D+02          -9.495000D-03
      1.753545D+02          -2.358700D-02
      7.965199D+01          -5.239400D-02
      3.738672D+01          -9.802800D-02
      1.800194D+01          -1.436730D-01
      8.724371D+00          -1.022980D-01
      3.857715D+00           1.380290D-01
      1.815686D+00           4.290060D-01
      8.382540D-01           4.478130D-01
      3.819350D-01           1.445430D-01
      7.167900D-02           2.617000D-03
      3.391600D-02          -1.192000D-03
      1.652500D-02           4.400000D-04
S    1   1.00
      3.819350D-01           1.000000D+00
S    1   1.00
      7.167900D-02           1.000000D+00
S    19   1.00
      3.272284D+05           1.000000D-06
      7.446684D+04           3.000000D-06
      2.109315D+04           1.500000D-05
      6.881898D+03           5.400000D-05
      2.484696D+03           1.750000D-04
      9.692232D+02           5.200000D-04
      4.020643D+02           1.431000D-03
      1.753545D+02           3.554000D-03
      7.965199D+01           7.954000D-03
      3.738672D+01           1.495500D-02
      1.800194D+01           2.247200D-02
      8.724371D+00           1.620500D-02
      3.857715D+00          -2.355000D-02
      1.815686D+00          -8.012000D-02
      8.382540D-01          -1.129210D-01
      3.819350D-01          -1.329890D-01
      7.167900D-02           4.175160D-01
      3.391600D-02           5.494430D-01
      1.652500D-02           1.481100D-01
S    1   1.00
      3.391600D-02           1.000000D+00
S    1   1.00
      1.652500D-02           1.000000D+00
P    14   1.00
      1.119578D+03           1.620000D-04
      2.653239D+02           1.408000D-03
      8.599553D+01           7.586000D-03
      3.253759D+01           2.961500D-02
      1.351565D+01           8.847700D-02
      5.966856D+00           1.955190D-01
      2.700045D+00           3.066210D-01
      1.218512D+00           3.412420D-01
      5.421870D-01           2.296900D-01
      2.274130D-01           5.492100D-02
      1.330400D-01          -3.441000D-03
      5.757700D-02           2.340000D-03
      2.597100D-02          -6.620000D-04
      1.190100D-02           1.990000D-04
P    1   1.00
      1.330400D-01           1.000000D+00
P    1   1.00
      5.757700D-02           1.000000D+00
P    14   1.00
      1.119578D+03          -1.600000D-05
      2.653239D+02          -1.400000D-04
      8.599553D+01          -7.540000D-04
      3.253759D+01          -2.968000D-03
      1.351565D+01          -8.919000D-03
      5.966856D+00          -2.002900D-02
      2.700045D+00          -3.138000D-02
      1.218512D+00          -3.648900D-02
      5.421870D-01          -2.962500D-02
      2.274130D-01          -1.014600D-02
      1.330400D-01           8.212800D-02
      5.757700D-02           3.345530D-01
      2.597100D-02           5.081420D-01
      1.190100D-02           1.966360D-01
P    1   1.00
      2.597100D-02           1.000000D+00
P    1   1.00
      1.190100D-02           1.000000D+00
D    1   1.00
      4.898000D-01           1.000000D+00
D    1   1.00
      2.283000D-01           1.000000D+00
D    1   1.00
      1.064000D-01           1.000000D+00
D    1   1.00
      4.960000D-02           1.000000D+00
F    1   1.00
      2.493000D-01           1.000000D+00
F    1   1.00
      1.357000D-01           1.000000D+00
F    1   1.00
      7.390000D-02           1.000000D+00
G    1   1.00
      2.318000D-01           1.000000D+00
G    1   1.00
      1.222000D-01           1.000000D+00
H    1   1.00
      2.240000D-01           1.0000000
****
