!----------------------------------------------------------------------
! Basis Set Exchange
! Version 0.11
! https://www.basissetexchange.org
!----------------------------------------------------------------------
!   Basis set: cc-pV5Z
! Description: cc-pV5Z
!        Role: orbital
!     Version: 1  (Data from ccRepo/Grant Hill)
!----------------------------------------------------------------------


P     0
S    20   1.00
      4.666000D+06           1.967590D-06
      6.986000D+05           1.529630D-05
      1.590000D+05           8.048260D-05
      4.504000D+04           3.397370D-04
      1.472000D+04           1.232910D-03
      5.323000D+03           4.013450D-03
      2.076000D+03           1.191240D-02
      8.611000D+02           3.225110D-02
      3.757000D+02           7.866430D-02
      1.708000D+02           1.664580D-01
      8.029000D+01           2.830390D-01
      3.877000D+01           3.319420D-01
      1.893000D+01           2.033520D-01
      8.796000D+00           3.831830D-02
      4.358000D+00          -3.847200D-04
      2.174000D+00           1.587440D-03
      1.095000D+00          -4.133800D-04
      4.400000D-01           1.528370D-04
      1.945000D-01          -8.270310D-05
      8.376000D-02           1.841330D-05
S    20   1.00
      4.666000D+06          -5.341530D-07
      6.986000D+05          -4.154220D-06
      1.590000D+05          -2.184840D-05
      4.504000D+04          -9.232720D-05
      1.472000D+04          -3.351090D-04
      5.323000D+03          -1.095080D-03
      2.076000D+03          -3.267980D-03
      8.611000D+02          -8.999510D-03
      3.757000D+02          -2.265280D-02
      1.708000D+02          -5.146500D-02
      8.029000D+01          -1.001860D-01
      3.877000D+01          -1.550750D-01
      1.893000D+01          -1.338180D-01
      8.796000D+00           8.783610D-02
      4.358000D+00           4.225810D-01
      2.174000D+00           4.748990D-01
      1.095000D+00           1.650020D-01
      4.400000D-01           8.468620D-03
      1.945000D-01          -2.917620D-04
      8.376000D-02           2.853410D-04
S    1   1.00
      1.095000D+00           1.000000D+00
S    1   1.00
      4.400000D-01           1.000000D+00
S    1   1.00
      1.945000D-01           1.000000D+00
S    20   1.00
      4.666000D+06           1.467760D-07
      6.986000D+05           1.140640D-06
      1.590000D+05           6.005680D-06
      4.504000D+04           2.534270D-05
      1.472000D+04           9.216060D-05
      5.323000D+03           3.005630D-04
      2.076000D+03           8.998840D-04
      8.611000D+02           2.473540D-03
      3.757000D+02           6.268120D-03
      1.708000D+02           1.425980D-02
      8.029000D+01           2.827690D-02
      3.877000D+01           4.451240D-02
      1.893000D+01           4.072170D-02
      8.796000D+00          -3.019080D-02
      4.358000D+00          -1.528940D-01
      2.174000D+00          -2.824110D-01
      1.095000D+00          -1.485220D-01
      4.400000D-01           3.935630D-01
      1.945000D-01           6.173270D-01
      8.376000D-02           2.146120D-01
S    1   1.00
      8.376000D-02           1.000000D+00
P    12   1.00
      2.010000D+03           2.159150D-04
      4.763000D+02           1.875360D-03
      1.544000D+02           1.017420D-02
      5.851000D+01           3.998560D-02
      2.440000D+01           1.185630D-01
      1.080000D+01           2.518160D-01
      4.913000D+00           3.665650D-01
      2.269000D+00           3.161770D-01
      1.043000D+00           1.047000D-01
      4.313000D-01           6.098620D-03
      1.767000D-01           5.020770D-04
      7.009000D-02          -2.956180D-05
P    1   1.00
      1.043000D+00           1.000000D+00
P    1   1.00
      4.313000D-01           1.000000D+00
P    12   1.00
      2.010000D+03          -5.114440D-05
      4.763000D+02          -4.483560D-04
      1.544000D+02          -2.423400D-03
      5.851000D+01          -9.698260D-03
      2.440000D+01          -2.909650D-02
      1.080000D+01          -6.417260D-02
      4.913000D+00          -9.450710D-02
      2.269000D+00          -9.347000D-02
      1.043000D+00           5.206110D-02
      4.313000D-01           3.746240D-01
      1.767000D-01           5.090970D-01
      7.009000D-02           2.151160D-01
P    1   1.00
      1.767000D-01           1.000000D+00
P    1   1.00
      7.009000D-02           1.000000D+00
D    1   1.00
      2.656000D+00           1.000000D+00
D    1   1.00
      1.054000D+00           1.000000D+00
D    1   1.00
      4.180000D-01           1.000000D+00
D    1   1.00
      1.660000D-01           1.000000D+00
F    1   1.00
      9.230000D-01           1.000000D+00
F    1   1.00
      4.500000D-01           1.000000D+00
F    1   1.00
      2.190000D-01           1.000000D+00
G    1   1.00
      9.030000D-01           1.000000D+00
G    1   1.00
      4.120000D-01           1.000000D+00
H    1   1.00
      7.450000D-01           1.0000000
****
