!----------------------------------------------------------------------
! Basis Set Exchange
! Version 0.11
! https://www.basissetexchange.org
!----------------------------------------------------------------------
!   Basis set: cc-pV5Z
! Description: cc-pV5Z
!        Role: orbital
!     Version: 1  (Data from ccRepo/Grant Hill)
!----------------------------------------------------------------------


S     0
S    20   1.00
      5.481000D+06           1.893380D-06
      8.206000D+05           1.472110D-05
      1.867000D+05           7.750840D-05
      5.288000D+04           3.272240D-04
      1.725000D+04           1.193650D-03
      6.226000D+03           3.883930D-03
      2.429000D+03           1.153360D-02
      1.007000D+03           3.127480D-02
      4.395000D+02           7.643870D-02
      1.998000D+02           1.627000D-01
      9.392000D+01           2.793280D-01
      4.534000D+01           3.331450D-01
      2.215000D+01           2.098360D-01
      1.034000D+01           4.159740D-02
      5.119000D+00          -4.505520D-04
      2.553000D+00           1.688550D-03
      1.282000D+00          -5.172360D-04
      5.450000D-01           1.887730D-04
      2.411000D-01          -9.977340D-05
      1.035000D-01           2.090200D-05
S    20   1.00
      5.481000D+06          -5.229120D-07
      8.206000D+05          -4.066900D-06
      1.867000D+05          -2.140650D-05
      5.288000D+04          -9.045400D-05
      1.725000D+04          -3.300800D-04
      6.226000D+03          -1.077820D-03
      2.429000D+03          -3.218740D-03
      1.007000D+03          -8.872170D-03
      4.395000D+02          -2.237710D-02
      1.998000D+02          -5.105770D-02
      9.392000D+01          -1.002250D-01
      4.534000D+01          -1.567950D-01
      2.215000D+01          -1.397480D-01
      1.034000D+01           8.100590D-02
      5.119000D+00           4.308830D-01
      2.553000D+00           4.816880D-01
      1.282000D+00           1.568620D-01
      5.450000D-01           7.888140D-03
      2.411000D-01           3.935330D-04
      1.035000D-01           2.237570D-04
S    1   1.00
      1.282000D+00           1.000000D+00
S    1   1.00
      5.450000D-01           1.000000D+00
S    1   1.00
      2.411000D-01           1.000000D+00
S    20   1.00
      5.481000D+06           1.518230D-07
      8.206000D+05           1.180080D-06
      1.867000D+05           6.216990D-06
      5.288000D+04           2.624050D-05
      1.725000D+04           9.590400D-05
      6.226000D+03           3.126780D-04
      2.429000D+03           9.363220D-04
      1.007000D+03           2.577900D-03
      4.395000D+02           6.541210D-03
      1.998000D+02           1.496300D-02
      9.392000D+01           2.989400D-02
      4.534000D+01           4.769460D-02
      2.215000D+01           4.495560D-02
      1.034000D+01          -2.930090D-02
      5.119000D+00          -1.689160D-01
      2.553000D+00          -3.110140D-01
      1.282000D+00          -1.364910D-01
      5.450000D-01           4.231950D-01
      2.411000D-01           6.138880D-01
      1.035000D-01           2.004730D-01
S    1   1.00
      1.035000D-01           1.000000D+00
P    12   1.00
      2.200000D+03           2.390490D-04
      5.214000D+02           2.076860D-03
      1.690000D+02           1.123630D-02
      6.405000D+01           4.406900D-02
      2.672000D+01           1.291680D-01
      1.183000D+01           2.690830D-01
      5.378000D+00           3.786110D-01
      2.482000D+00           2.967790D-01
      1.116000D+00           7.796760D-02
      4.848000D-01           2.051930D-03
      2.006000D-01           1.436020D-03
      7.951000D-02          -5.960000D-05
P    1   1.00
      1.116000D+00           1.000000D+00
P    1   1.00
      4.848000D-01           1.000000D+00
P    12   1.00
      2.200000D+03          -6.085620D-05
      5.214000D+02          -5.304190D-04
      1.690000D+02          -2.879150D-03
      6.405000D+01          -1.143970D-02
      2.672000D+01          -3.427640D-02
      1.183000D+01          -7.358110D-02
      5.378000D+00          -1.077820D-01
      2.482000D+00          -8.797690D-02
      1.116000D+00           1.082610D-01
      4.848000D-01           4.070820D-01
      2.006000D-01           4.689940D-01
      7.951000D-02           1.848770D-01
P    1   1.00
      2.006000D-01           1.000000D+00
P    1   1.00
      7.951000D-02           1.000000D+00
D    1   1.00
      3.203000D+00           1.000000D+00
D    1   1.00
      1.281000D+00           1.000000D+00
D    1   1.00
      5.120000D-01           1.000000D+00
D    1   1.00
      2.050000D-01           1.000000D+00
F    1   1.00
      1.096000D+00           1.000000D+00
F    1   1.00
      5.290000D-01           1.000000D+00
F    1   1.00
      2.550000D-01           1.000000D+00
G    1   1.00
      1.071000D+00           1.000000D+00
G    1   1.00
      4.630000D-01           1.000000D+00
H    1   1.00
      8.720000D-01           1.0000000
****
