!----------------------------------------------------------------------
! Basis Set Exchange
! Version 0.11
! https://www.basissetexchange.org
!----------------------------------------------------------------------
!   Basis set: cc-pV5Z
! Description: cc-pV5Z
!        Role: orbital
!     Version: 1  (Data from ccRepo/Grant Hill)
!----------------------------------------------------------------------


Si     0
S    20   1.00
      3.948000D+06           2.037120D-06
      5.911000D+05           1.583940D-05
      1.345000D+05           8.335900D-05
      3.812000D+04           3.513610D-04
      1.246000D+04           1.276600D-03
      4.504000D+03           4.151910D-03
      1.758000D+03           1.230300D-02
      7.291000D+02           3.331020D-02
      3.180000D+02           8.098450D-02
      1.446000D+02           1.702900D-01
      6.797000D+01           2.868790D-01
      3.282000D+01           3.303400D-01
      1.603000D+01           1.966020D-01
      7.396000D+00           3.545350D-02
      3.661000D+00          -5.352040D-04
      1.823000D+00           1.614650D-03
      9.147000D-01          -3.727390D-04
      3.393000D-01           1.462260D-04
      1.500000D-01          -7.894460D-05
      6.438000D-02           1.928010D-05
S    20   1.00
      3.948000D+06          -5.420850D-07
      5.911000D+05          -4.216770D-06
      1.345000D+05          -2.218130D-05
      3.812000D+04          -9.360280D-05
      1.246000D+04          -3.401160D-04
      4.504000D+03          -1.110610D-03
      1.758000D+03          -3.308780D-03
      7.291000D+02          -9.116020D-03
      3.180000D+02          -2.287900D-02
      1.446000D+02          -5.171190D-02
      6.797000D+01          -9.990910D-02
      3.282000D+01          -1.527470D-01
      1.603000D+01          -1.275080D-01
      7.396000D+00           9.469630D-02
      3.661000D+00           4.140360D-01
      1.823000D+00           4.679340D-01
      9.147000D-01           1.739270D-01
      3.393000D-01           8.438950D-03
      1.500000D-01          -9.980670D-04
      6.438000D-02           3.620960D-04
S    1   1.00
      9.147000D-01           1.000000D+00
S    1   1.00
      3.393000D-01           1.000000D+00
S    1   1.00
      1.500000D-01           1.000000D+00
S    20   1.00
      3.948000D+06           1.389070D-07
      5.911000D+05           1.079530D-06
      1.345000D+05           5.686280D-06
      3.812000D+04           2.395370D-05
      1.246000D+04           8.724090D-05
      4.504000D+03           2.841630D-04
      1.758000D+03           8.498400D-04
      7.291000D+02           2.335270D-03
      3.180000D+02           5.904660D-03
      1.446000D+02           1.334610D-02
      6.797000D+01           2.628890D-02
      3.282000D+01           4.074260D-02
      1.603000D+01           3.614760D-02
      7.396000D+00          -3.039230D-02
      3.661000D+00          -1.359610D-01
      1.823000D+00          -2.501440D-01
      9.147000D-01          -1.580500D-01
      3.393000D-01           3.696550D-01
      1.500000D-01           6.177180D-01
      6.438000D-02           2.225140D-01
S    1   1.00
      6.438000D-02           1.000000D+00
P    12   1.00
      1.780000D+03           2.012060D-04
      4.218000D+02           1.749370D-03
      1.367000D+02           9.481410D-03
      5.181000D+01           3.723130D-02
      2.160000D+01           1.107630D-01
      9.563000D+00           2.379330D-01
      4.350000D+00           3.536910D-01
      2.006000D+00           3.288390D-01
      9.205000D-01           1.323730D-01
      3.500000D-01           1.033000D-02
      1.381000D-01          -1.503050D-04
      5.338000D-02           2.658090D-04
P    1   1.00
      9.205000D-01           1.000000D+00
P    1   1.00
      3.500000D-01           1.000000D+00
P    12   1.00
      1.780000D+03          -4.271520D-05
      4.218000D+02          -3.770390D-04
      1.367000D+02          -2.022400D-03
      5.181000D+01          -8.128330D-03
      2.160000D+01          -2.422720D-02
      9.563000D+00          -5.438250D-02
      4.350000D+00          -7.990510D-02
      2.006000D+00          -8.889580D-02
      9.205000D-01           1.839970D-02
      3.500000D-01           3.350960D-01
      1.381000D-01           5.322880D-01
      5.338000D-02           2.543740D-01
P    1   1.00
      1.381000D-01           1.000000D+00
P    1   1.00
      5.338000D-02           1.000000D+00
D    1   1.00
      2.082000D+00           1.000000D+00
D    1   1.00
      8.170000D-01           1.000000D+00
D    1   1.00
      3.210000D-01           1.000000D+00
D    1   1.00
      1.260000D-01           1.000000D+00
F    1   1.00
      6.880000D-01           1.000000D+00
F    1   1.00
      3.410000D-01           1.000000D+00
F    1   1.00
      1.690000D-01           1.000000D+00
G    1   1.00
      7.050000D-01           1.000000D+00
G    1   1.00
      3.200000D-01           1.000000D+00
H    1   1.00
      5.830000D-01           1.0000000
****
