!----------------------------------------------------------------------
! Basis Set Exchange
! Version 0.11
! https://www.basissetexchange.org
!----------------------------------------------------------------------
!   Basis set: aug-ano-pVDZ
! Description: aug-ano-pVDZ
!        Role: orbital
!     Version: 1  (Data from supporting information)
!----------------------------------------------------------------------


He     0
S    10   1.00
   4785.0000000000           0.0000603202
    717.0000000000           0.0004684960
    163.2000000000           0.0024501467
     46.2600000000           0.0101553835
     15.1000000000           0.0350340333
      5.4370000000           0.0992797341
      2.0880000000           0.2173871303
      0.8297000000           0.3472682167
      0.3366000000           0.3445578174
      0.1369000000           0.1180260053
S    10   1.00
   4785.0000000000           0.0000888731
    717.0000000000           0.0006940214
    163.2000000000           0.0036433971
     46.2600000000           0.0157462582
     15.1000000000           0.0614009646
      5.4370000000           0.2414755099
      2.0880000000           0.6119641323
      0.8297000000           0.1961329442
      0.3366000000          -0.7241642195
      0.1369000000          -0.3382814814
S    10   1.00
   4785.0000000000           0.0001287054
    717.0000000000           0.0011477678
    163.2000000000           0.0050983801
     46.2600000000           0.0306322873
     15.1000000000           0.1396159611
      5.4370000000           0.8577184034
      2.0880000000           0.0948064849
      0.8297000000          -1.7250507963
      0.3366000000           0.6542597771
      0.1369000000           0.5294200911
P    5   1.00
     16.1040000000           0.0090385832
      6.3420000000           0.0400702083
      2.4980000000           0.2659020077
      0.9840000000           0.5361342449
      0.3870000000           0.2887442887
P    5   1.00
     16.1040000000           0.0310059145
      6.3420000000           0.2671653126
      2.4980000000           0.7993083208
      0.9840000000          -0.2752308724
      0.3870000000          -0.6544173279
****
