!----------------------------------------------------------------------
! Basis Set Exchange
! Version 0.11
! https://www.basissetexchange.org
!----------------------------------------------------------------------
!   Basis set: aug-ano-pVTZ
! Description: aug-ano-pVTZ
!        Role: orbital
!     Version: 1  (Data from supporting information)
!----------------------------------------------------------------------


Na     0
S    20   1.00
1918700.0000000000           0.0000027088
 287270.0000000000           0.0000210578
  65382.0000000000           0.0001107868
  18523.0000000000           0.0004675326
   6045.4000000000           0.0017013284
   2184.2000000000           0.0055150746
    853.1100000000           0.0162308700
    354.6900000000           0.0431395655
    155.3300000000           0.1014860232
     71.2340000000           0.1993943053
     33.8350000000           0.3087288958
     16.3490000000           0.3067052305
      8.0082000000           0.1380881578
      3.6713000000           0.0228929786
      1.7118000000           0.0132950975
      0.7914700000           0.0136239139
      0.3547900000           0.0037386766
      0.0906640000           0.0000744574
      0.0443130000          -0.0000095217
      0.0219480000           0.0000213706
S    21   1.00
1918700.0000000000           0.0000007485
 287270.0000000000           0.0000058177
  65382.0000000000           0.0000306178
  18523.0000000000           0.0001292259
   6045.4000000000           0.0004709708
   2184.2000000000           0.0015307346
    853.1100000000           0.0045412540
    354.6900000000           0.0122699314
    155.3300000000           0.0299593063
     71.2340000000           0.0633214284
     33.8350000000           0.1142954747
     16.3490000000           0.1541637857
      8.0082000000           0.0893386546
      3.6713000000          -0.1659774106
      1.7118000000          -0.4384235088
      0.7914700000          -0.4291049529
      0.3547900000          -0.1293167239
      0.0906640000           0.0004404906
      0.0443130000          -0.0024793949
      0.0219480000           0.0009626429
      0.0108210000          -0.0004041010
S    21   1.00
1918700.0000000000          -0.0000009121
 287270.0000000000          -0.0000070597
  65382.0000000000          -0.0000373862
  18523.0000000000          -0.0001565746
   6045.4000000000          -0.0005770453
   2184.2000000000          -0.0018576772
    853.1100000000          -0.0056416232
    354.6900000000          -0.0153304856
    155.3300000000          -0.0400233925
     71.2340000000          -0.0843610950
     33.8350000000          -0.1526565277
     16.3490000000          -0.2121931436
      8.0082000000          -0.1082608080
      3.6713000000           0.9474074884
      1.7118000000           0.7691961289
      0.7914700000          -0.9537883808
      0.3547900000          -0.5979001026
      0.0906640000           0.0463503976
      0.0443130000           0.2186199667
      0.0219480000           0.0803942641
      0.0108210000           0.0098346670
S    21   1.00
1918700.0000000000           0.0000020318
 287270.0000000000           0.0000161964
  65382.0000000000           0.0000822300
  18523.0000000000           0.0003647153
   6045.4000000000           0.0012584616
   2184.2000000000           0.0044759137
    853.1100000000           0.0128756216
    354.6900000000           0.0444201519
    155.3300000000           0.1249910991
     71.2340000000           0.2836318908
     33.8350000000           0.1687893908
     16.3490000000           0.1879554186
      8.0082000000          -0.8576041123
      3.6713000000          -1.2541324249
      1.7118000000           1.9793554125
      0.7914700000           0.4183235618
      0.3547900000          -1.2659024909
      0.0906640000          -0.2173944226
      0.0443130000           0.4805607442
      0.0219480000           0.0010385908
      0.0108210000           0.0403416859
S    21   1.00
1918700.0000000000           0.0000033104
 287270.0000000000           0.0000256365
  65382.0000000000           0.0001358259
  18523.0000000000           0.0005708687
   6045.4000000000           0.0021220161
   2184.2000000000           0.0070469285
    853.1100000000           0.0234446589
    354.6900000000           0.0817720804
    155.3300000000           0.2854146311
     71.2340000000           0.5009596172
     33.8350000000           0.0216342694
     16.3490000000          -0.8183593516
      8.0082000000          -1.2164771885
      3.6713000000           2.2502339785
      1.7118000000           0.1357662428
      0.7914700000          -2.4514089720
      0.3547900000           1.5866471852
      0.0906640000           0.5430686832
      0.0443130000          -0.7528198231
      0.0219480000           0.1037431269
      0.0108210000          -0.0748371651
S    21   1.00
1918700.0000000000          -0.0000031093
 287270.0000000000          -0.0000216309
  65382.0000000000          -0.0001334189
  18523.0000000000          -0.0004578485
   6045.4000000000          -0.0021958052
   2184.2000000000          -0.0055058525
    853.1100000000          -0.0269618618
    354.6900000000          -0.0807636628
    155.3300000000          -0.3800639019
     71.2340000000          -0.3287080998
     33.8350000000           0.1943339680
     16.3490000000           2.2520219876
      8.0082000000          -2.2448534382
      3.6713000000          -1.8846594262
      1.7118000000           5.5704754981
      0.7914700000          -5.0570794688
      0.3547900000           1.6624092790
      0.0906640000           1.1160580952
      0.0443130000          -1.2277114240
      0.0219480000           0.2944664223
      0.0108210000          -0.1382660542
S    21   1.00
1918700.0000000000           0.0000001096
 287270.0000000000           0.0000008513
  65382.0000000000           0.0000044829
  18523.0000000000           0.0000189095
   6045.4000000000           0.0000689893
   2184.2000000000           0.0002241299
    853.1100000000           0.0006666895
    354.6900000000           0.0018044493
    155.3300000000           0.0044437500
     71.2340000000           0.0094931411
     33.8350000000           0.0176175702
     16.3490000000           0.0247238067
      8.0082000000           0.0150685595
      3.6713000000          -0.0326908857
      1.7118000000          -0.0905675951
      0.7914700000          -0.1275950087
      0.3547900000          -0.1221995181
      0.0906640000           0.2666159471
      0.0443130000           0.5622463461
      0.0219480000           0.2797583349
      0.0108210000           0.0184296293
P    15   1.00
   3044.2000000000           0.0000281041
    720.0200000000           0.0002565120
    234.4200000000           0.0014177652
     89.6660000000           0.0063916825
     36.6950000000           0.0231537137
     16.2560000000           0.0652632255
      7.6593000000           0.1440680587
      3.7125000000           0.2426572379
      1.7992000000           0.3066501458
      0.8628800000           0.2855229241
      0.4010400000           0.1569049195
      0.1775900000           0.0250223117
      0.0807000000           0.0009795285
      0.0367000000           0.0001433108
      0.0167000000           0.0000382855
P    15   1.00
   3044.2000000000           0.0000422160
    720.0200000000           0.0003890985
    234.4200000000           0.0022214108
     89.6660000000           0.0103861947
     36.6950000000           0.0369679527
     16.2560000000           0.1020915363
      7.6593000000           0.2601454501
      3.7125000000           0.4512333146
      1.7992000000           0.1116118230
      0.8628800000          -0.4765918702
      0.4010400000          -0.4161525704
      0.1775900000          -0.0994949247
      0.0807000000          -0.0117309641
      0.0367000000          -0.0039101668
      0.0167000000           0.0002098260
P    15   1.00
   3044.2000000000           0.0000810643
    720.0200000000           0.0007599494
    234.4200000000           0.0054132257
     89.6660000000           0.0282309697
     36.6950000000           0.0870027484
     16.2560000000           0.1685283283
      7.6593000000           0.4538962512
      3.7125000000           0.1284310951
      1.7992000000          -0.7816244203
      0.8628800000          -0.3019354624
      0.4010400000           0.3966105069
      0.1775900000           0.4222102677
      0.0807000000           0.1529311136
      0.0367000000           0.0385970841
      0.0167000000          -0.0009238694
D    3   1.00
      2.3500000000           0.8485363766
      0.5600000000           0.2801219125
      0.1400000000          -0.0151540850
D    3   1.00
      2.3500000000           0.7175433886
      0.5600000000          -1.0888986427
      0.1400000000           0.0233471283
****
