!----------------------------------------------------------------------
! Basis Set Exchange
! Version 0.11
! https://www.basissetexchange.org
!----------------------------------------------------------------------
!   Basis set: aug-ano-pVTZ
! Description: aug-ano-pVTZ
!        Role: orbital
!     Version: 1  (Data from supporting information)
!----------------------------------------------------------------------


O     0
S    16   1.00
 570800.0000000000           0.0000055477
  85480.0000000000           0.0000431114
  19460.0000000000           0.0002266878
   5512.0000000000           0.0009564461
   1798.0000000000           0.0034734806
    648.9000000000           0.0111986722
    253.1000000000           0.0323902914
    104.9000000000           0.0828666917
     45.6500000000           0.1795999151
     20.6200000000           0.3052522946
      9.5870000000           0.3409416044
      4.4930000000           0.1774628746
      1.8370000000           0.0204404056
      0.8349000000          -0.0011225476
      0.3658000000           0.0009015503
      0.1570000000          -0.0001420890
S    16   1.00
 570800.0000000000           0.0000012619
  85480.0000000000           0.0000097942
  19460.0000000000           0.0000516082
   5512.0000000000           0.0002173760
   1798.0000000000           0.0007936340
    648.9000000000           0.0025636828
    253.1000000000           0.0075540649
    104.9000000000           0.0198252847
     45.6500000000           0.0462226113
     20.6200000000           0.0893623473
      9.5870000000           0.1383434619
      4.4930000000           0.1051813067
      1.8370000000          -0.1491659047
      0.8349000000          -0.4435386388
      0.3658000000          -0.4304217683
      0.1570000000          -0.1392847630
S    16   1.00
 570800.0000000000          -0.0000029095
  85480.0000000000          -0.0000336853
  19460.0000000000          -0.0000929766
   5512.0000000000          -0.0008633138
   1798.0000000000          -0.0010088651
    648.9000000000          -0.0119513211
    253.1000000000          -0.0062262482
    104.9000000000          -0.1218457718
     45.6500000000          -0.0342438172
     20.6200000000          -0.7677980771
      9.5870000000          -0.2753089004
      4.4930000000           4.3923045826
      1.8370000000          -8.2627346783
      0.8349000000           8.8803009927
      0.3658000000          -5.7952609875
      0.1570000000           1.9811779654
S    16   1.00
 570800.0000000000          -0.0000014956
  85480.0000000000          -0.0000116782
  19460.0000000000          -0.0000610049
   5512.0000000000          -0.0002599662
   1798.0000000000          -0.0009359729
    648.9000000000          -0.0030816635
    253.1000000000          -0.0089188306
    104.9000000000          -0.0242145842
     45.6500000000          -0.0555592008
     20.6200000000          -0.1145275935
      9.5870000000          -0.1828853636
      4.4930000000          -0.1753958431
      1.8370000000           0.7138602082
      0.8349000000           0.8831041524
      0.3658000000          -0.7228450116
      0.1570000000          -0.6629030498
S    16   1.00
 570800.0000000000          -0.0000021012
  85480.0000000000          -0.0000153046
  19460.0000000000          -0.0000883188
   5512.0000000000          -0.0003296065
   1798.0000000000          -0.0014011800
    648.9000000000          -0.0037697061
    253.1000000000          -0.0140318733
    104.9000000000          -0.0289525787
     45.6500000000          -0.0982062901
     20.6200000000          -0.1307408651
      9.5870000000          -0.4339939687
      4.4930000000           0.1774273814
      1.8370000000           2.1865884409
      0.8349000000          -1.8488602248
      0.3658000000          -1.0626335267
      0.1570000000           1.4644411549
S    16   1.00
 570800.0000000000          -0.0000029655
  85480.0000000000          -0.0000147549
  19460.0000000000          -0.0001407929
   5512.0000000000          -0.0002431714
   1798.0000000000          -0.0025028798
    648.9000000000          -0.0017543790
    253.1000000000          -0.0284097461
    104.9000000000          -0.0045223378
     45.6500000000          -0.2359277366
     20.6200000000           0.1015962191
      9.5870000000          -1.4572638531
      4.4930000000           2.8423451082
      1.8370000000          -0.4290488202
      0.8349000000          -3.5090199747
      0.3658000000           4.6357036614
      0.1570000000          -2.2171415967
P    10   1.00
    525.6000000000           0.0001676631
    124.6000000000           0.0014434160
     40.3400000000           0.0075973289
     15.1800000000           0.0288049894
      6.2450000000           0.0849419814
      2.7320000000           0.1899631174
      1.2270000000           0.2990478650
      0.5492000000           0.3320569965
      0.2418000000           0.2419920846
      0.1025000000           0.0836337245
P    10   1.00
    525.6000000000           0.0002041327
    124.6000000000           0.0017992162
     40.3400000000           0.0093549749
     15.1800000000           0.0361612981
      6.2450000000           0.1047852150
      2.7320000000           0.3132249093
      1.2270000000           0.4464833129
      0.5492000000          -0.1162190220
      0.2418000000          -0.5398121590
      0.1025000000          -0.3468451765
P    10   1.00
    525.6000000000           0.0003397509
    124.6000000000           0.0030597166
     40.3400000000           0.0166722601
     15.1800000000           0.0691106710
      6.2450000000           0.2246739298
      2.7320000000           0.6387770416
      1.2270000000          -0.2244503728
      0.5492000000          -0.9381963502
      0.2418000000           0.1164759037
      0.1025000000           0.7366445524
P    10   1.00
    525.6000000000           0.0006843904
    124.6000000000           0.0038317526
     40.3400000000           0.0355035900
     15.1800000000           0.1042174544
      6.2450000000           0.6142436051
      2.7320000000           0.3171424964
      1.2270000000          -1.6688331268
      0.5492000000           0.8102833643
      0.2418000000           0.9250784484
      0.1025000000          -1.0382066053
D    5   1.00
      8.2530000000           0.0204005719
      3.5970000000           0.0941369585
      1.5680000000           0.3964770909
      0.6840000000           0.4553601610
      0.2980000000           0.2204057295
D    5   1.00
      8.2530000000           0.0253040956
      3.5970000000           0.3693832197
      1.5680000000           0.6505508649
      0.6840000000          -0.4116458521
      0.2980000000          -0.5804977663
D    5   1.00
      8.2530000000           0.0943618010
      3.5970000000           0.9815184546
      1.5680000000          -0.5992759808
      0.6840000000          -0.8182429901
      0.2980000000           1.0088108958
F    4   1.00
      5.4300000000           0.0335228290
      2.4160000000           0.2884311646
      1.0750000000           0.5272437798
      0.4780000000           0.3296607779
F    4   1.00
      5.4300000000           0.1564321424
      2.4160000000           0.7823313009
      1.0750000000          -0.1129786260
      0.4780000000          -0.7119434840
****
