!----------------------------------------------------------------------
! Basis Set Exchange
! Version 0.11
! https://www.basissetexchange.org
!----------------------------------------------------------------------
!   Basis set: aug-cc-pVDZ
! Description: aug-cc-pVDZ
!        Role: orbital
!     Version: 1  (Data from ccRepo/Grant Hill)
!----------------------------------------------------------------------


Al     0
S    12   1.00
      6.415000D+04           2.902500D-04
      9.617000D+03           2.250640D-03
      2.189000D+03           1.164590D-02
      6.205000D+02           4.673770D-02
      2.027000D+02           1.462990D-01
      7.315000D+01           3.302830D-01
      2.855000D+01           4.158610D-01
      1.177000D+01           1.892530D-01
      3.300000D+00           1.158890D-02
      1.173000D+00          -1.283850D-03
      1.752000D-01           4.258830D-04
      6.473000D-02          -1.992800D-04
S    12   1.00
      6.415000D+04          -7.580480D-05
      9.617000D+03          -5.817910D-04
      2.189000D+03          -3.081130D-03
      6.205000D+02          -1.231120D-02
      2.027000D+02          -4.197810D-02
      7.315000D+01          -1.033710D-01
      2.855000D+01          -1.963080D-01
      1.177000D+01          -8.300020D-02
      3.300000D+00           5.410400D-01
      1.173000D+00           5.787960D-01
      1.752000D-01           2.881470D-02
      6.473000D-02          -9.537950D-03
S    12   1.00
      6.415000D+04           1.750780D-05
      9.617000D+03           1.342080D-04
      2.189000D+03           7.124420D-04
      6.205000D+02           2.843300D-03
      2.027000D+02           9.768420D-03
      7.315000D+01           2.418500D-02
      2.855000D+01           4.749930D-02
      1.177000D+01           2.036210D-02
      3.300000D+00          -1.587880D-01
      1.173000D+00          -3.116940D-01
      1.752000D-01           6.201470D-01
      6.473000D-02           5.209430D-01
S    1   1.00
      6.473000D-02           1.000000D+00
S    1   1.00
      0.0231000              1.0000000
P    8   1.00
      2.588000D+02           4.068470D-03
      6.089000D+01           3.068150D-02
      1.914000D+01           1.291490D-01
      6.881000D+00           3.208310D-01
      2.574000D+00           4.538150D-01
      9.572000D-01           2.750660D-01
      2.099000D-01           1.908070D-02
      5.986000D-02          -3.128480D-03
P    8   1.00
      2.588000D+02          -7.480530D-04
      6.089000D+01          -5.457960D-03
      1.914000D+01          -2.453710D-02
      6.881000D+00          -5.821380D-02
      2.574000D+00          -9.837560D-02
      9.572000D-01          -2.600640D-02
      2.099000D-01           4.640200D-01
      5.986000D-02           6.488700D-01
P    1   1.00
      5.986000D-02           1.000000D+00
P    1   1.00
      0.0153000              1.0000000
D    1   1.00
      1.890000D-01           1.0000000
D    1   1.00
      0.0535000              1.0000000
****
