!----------------------------------------------------------------------
! Basis Set Exchange
! Version 0.11
! https://www.basissetexchange.org
!----------------------------------------------------------------------
!   Basis set: aug-cc-pVDZ
! Description: aug-cc-pVDZ
!        Role: orbital
!     Version: 1  (Data from ccRepo/Grant Hill)
!----------------------------------------------------------------------


Ar     0
S    12   1.00
      1.457000D+05           2.367000D-04
      2.184000D+04           1.835230D-03
      4.972000D+03           9.528600D-03
      1.408000D+03           3.862830D-02
      4.597000D+02           1.240810D-01
      1.659000D+02           2.964710D-01
      6.469000D+01           4.220680D-01
      2.644000D+01           2.417110D-01
      7.628000D+00           2.005090D-02
      2.996000D+00          -3.610000D-03
      6.504000D-01           9.756070D-04
      2.337000D-01          -4.113160D-04
S    12   1.00
      1.457000D+05          -6.749100D-05
      2.184000D+04          -5.185220D-04
      4.972000D+03          -2.748250D-03
      1.408000D+03          -1.110070D-02
      4.597000D+02          -3.848200D-02
      1.659000D+02          -9.975990D-02
      6.469000D+01          -2.030880D-01
      2.644000D+01          -1.356080D-01
      7.628000D+00           5.071950D-01
      2.996000D+00           6.128980D-01
      6.504000D-01           4.429680D-02
      2.337000D-01          -8.992780D-03
S    12   1.00
      1.457000D+05           2.104570D-05
      2.184000D+04           1.625650D-04
      4.972000D+03           8.554630D-04
      1.408000D+03           3.497450D-03
      4.597000D+02           1.201560D-02
      1.659000D+02           3.213680D-02
      6.469000D+01           6.552790D-02
      2.644000D+01           4.993700D-02
      7.628000D+00          -2.297690D-01
      2.996000D+00          -4.210060D-01
      6.504000D-01           6.423310D-01
      2.337000D-01           5.675400D-01
S    1   1.00
      2.337000D-01           1.000000D+00
S    1   1.00
      0.0709000              1.0000000
P    8   1.00
      4.537000D+02           5.705550D-03
      1.068000D+02           4.304600D-02
      3.373000D+01           1.765910D-01
      1.213000D+01           4.068630D-01
      4.594000D+00           4.525490D-01
      1.678000D+00           1.228010D-01
      5.909000D-01          -4.459960D-03
      1.852000D-01           2.052250D-03
P    8   1.00
      4.537000D+02          -1.606550D-03
      1.068000D+02          -1.217140D-02
      3.373000D+01          -5.207890D-02
      1.213000D+01          -1.237370D-01
      4.594000D+00          -1.516190D-01
      1.678000D+00           1.424250D-01
      5.909000D-01           5.845010D-01
      1.852000D-01           4.375400D-01
P    1   1.00
      1.852000D-01           1.000000D+00
P    1   1.00
      0.0533000              1.0000000
D    1   1.00
      7.380000D-01           1.0000000
D    1   1.00
      0.2400000              1.0000000
****
