!----------------------------------------------------------------------
! Basis Set Exchange
! Version 0.11
! https://www.basissetexchange.org
!----------------------------------------------------------------------
!   Basis set: aug-cc-pVDZ
! Description: aug-cc-pVDZ
!        Role: orbital
!     Version: 1  (Data from ccRepo/Grant Hill)
!----------------------------------------------------------------------


Na     0
S    12   1.00
      3.170000D+04           4.588780D-04
      4.755000D+03           3.550700D-03
      1.082000D+03           1.826180D-02
      3.064000D+02           7.166500D-02
      9.953000D+01           2.123460D-01
      3.542000D+01           4.162030D-01
      1.330000D+01           3.730200D-01
      4.392000D+00           6.250540D-02
      1.676000D+00          -6.245320D-03
      5.889000D-01           2.433740D-03
      5.640000D-02          -4.423810D-04
      2.307000D-02           2.419240D-04
S    12   1.00
      3.170000D+04          -1.121620D-04
      4.755000D+03          -8.685120D-04
      1.082000D+03          -4.513300D-03
      3.064000D+02          -1.814360D-02
      9.953000D+01          -5.807990D-02
      3.542000D+01          -1.376530D-01
      1.330000D+01          -1.939080D-01
      4.392000D+00           8.580090D-02
      1.676000D+00           6.044190D-01
      5.889000D-01           4.417190D-01
      5.640000D-02           1.305470D-02
      2.307000D-02          -5.680850D-03
S    12   1.00
      3.170000D+04           1.701600D-05
      4.755000D+03           1.306930D-04
      1.082000D+03           6.877840D-04
      3.064000D+02           2.723590D-03
      9.953000D+01           8.955290D-03
      3.542000D+01           2.078320D-02
      1.330000D+01           3.193800D-02
      4.392000D+00          -1.913680D-02
      1.676000D+00          -1.025950D-01
      5.889000D-01          -1.989450D-01
      5.640000D-02           6.559520D-01
      2.307000D-02           4.311530D-01
S    1   1.00
      2.307000D-02           1.000000D+00
S    1   1.00
      7.200000D-03           1.000000D+00
P    8   1.00
      1.381000D+02           5.796410D-03
      3.224000D+01           4.157560D-02
      9.985000D+00           1.628730D-01
      3.484000D+00           3.594010D-01
      1.231000D+00           4.499880D-01
      4.177000D-01           2.275070D-01
      6.513000D-02           8.082470D-03
      2.053000D-02          -1.962930D-03
P    8   1.00
      1.381000D+02          -5.815310D-04
      3.224000D+01          -4.073060D-03
      9.985000D+00          -1.679370D-02
      3.484000D+00          -3.532680D-02
      1.231000D+00          -5.219710D-02
      4.177000D-01          -1.683590D-02
      6.513000D-02           4.346130D-01
      2.053000D-02           6.582180D-01
P    1   1.00
      2.053000D-02           1.000000D+00
P    1   1.00
      5.700000D-03           1.000000D+00
D    1   1.00
      9.280000D-02           1.0000000
D    1   1.00
      4.800000D-02           1.000000D+00
****
