!----------------------------------------------------------------------
! Basis Set Exchange
! Version 0.11
! https://www.basissetexchange.org
!----------------------------------------------------------------------
!   Basis set: aug-cc-pV5Z
! Description: aug-cc-pV5Z
!        Role: orbital
!     Version: 1  (Data from ccRepo/Grant Hill)
!----------------------------------------------------------------------


Mg     0
S    20   1.00
      2.968000D+06           1.971770D-06
      4.443000D+05           1.533620D-05
      1.011000D+05           8.068520D-05
      2.864000D+04           3.407710D-04
      9.343000D+03           1.241940D-03
      3.373000D+03           4.041240D-03
      1.316000D+03           1.197970D-02
      5.458000D+02           3.242530D-02
      2.381000D+02           7.893320D-02
      1.082000D+02           1.665750D-01
      5.080000D+01           2.828710D-01
      2.448000D+01           3.318900D-01
      1.193000D+01           2.032870D-01
      5.543000D+00           3.828970D-02
      2.675000D+00           3.089160D-04
      1.263000D+00           1.389070D-03
      5.883000D-01          -1.361590D-04
      1.496000D-01           8.553220D-05
      6.700000D-02          -5.691020D-05
      2.952000D-02           1.772590D-05
S    20   1.00
      2.968000D+06          -4.981600D-07
      4.443000D+05          -3.875630D-06
      1.011000D+05          -2.038540D-05
      2.864000D+04          -8.616590D-05
      9.343000D+03          -3.141760D-04
      3.373000D+03          -1.025770D-03
      1.316000D+03          -3.058160D-03
      5.458000D+02          -8.410630D-03
      2.381000D+02          -2.112020D-02
      1.082000D+02          -4.768820D-02
      5.080000D+01          -9.241190D-02
      2.448000D+01          -1.425480D-01
      1.193000D+01          -1.261680D-01
      5.543000D+00           7.152820D-02
      2.675000D+00           3.830390D-01
      1.263000D+00           4.901330D-01
      5.883000D-01           2.043810D-01
      1.496000D-01           7.022310D-03
      6.700000D-02          -2.678740D-03
      2.952000D-02           6.936900D-04
S    1   1.00
      5.883000D-01           1.000000D+00
S    1   1.00
      1.496000D-01           1.000000D+00
S    1   1.00
      6.700000D-02           1.000000D+00
S    20   1.00
      2.968000D+06           9.601750D-08
      4.443000D+05           7.461640D-07
      1.011000D+05           3.931190D-06
      2.864000D+04           1.658120D-05
      9.343000D+03           6.062570D-05
      3.373000D+03           1.973220D-04
      1.316000D+03           5.908810D-04
      5.458000D+02           1.619040D-03
      2.381000D+02           4.097560D-03
      1.082000D+02           9.229890D-03
      5.080000D+01           1.821680D-02
      2.448000D+01           2.828840D-02
      1.193000D+01           2.650590D-02
      5.543000D+00          -1.720530D-02
      2.675000D+00          -8.859170D-02
      1.263000D+00          -1.638710D-01
      5.883000D-01          -1.595060D-01
      1.496000D-01           3.217150D-01
      6.700000D-02           5.913730D-01
      2.952000D-02           2.368660D-01
S    1   1.00
      2.952000D-02           1.000000D+00
S    1   1.00
      1.080000D-02           1.0000000
P    14   1.00
      1.441000D+03           1.524070D-04
      3.414000D+02           1.327640D-03
      1.107000D+02           7.219370D-03
      4.197000D+01           2.852050D-02
      1.749000D+01           8.653460D-02
      7.753000D+00           1.949500D-01
      3.534000D+00           3.120510D-01
      1.614000D+00           3.484760D-01
      7.299000D-01           2.188860D-01
      3.029000D-01           4.355790D-02
      1.583000D-01          -3.737470D-03
      8.190000D-02           3.051230D-03
      4.123000D-02          -8.669220D-04
      1.988000D-02           2.305170D-04
P    1   1.00
      1.583000D-01           1.000000D+00
P    1   1.00
      8.190000D-02           1.000000D+00
P    14   1.00
      1.441000D+03          -2.410310D-05
      3.414000D+02          -2.108090D-04
      1.107000D+02          -1.145300D-03
      4.197000D+01          -4.564170D-03
      1.749000D+01          -1.396030D-02
      7.753000D+00          -3.211050D-02
      3.534000D+00          -5.162170D-02
      1.614000D+00          -6.137130D-02
      7.299000D-01          -4.424650D-02
      3.029000D-01           5.231910D-02
      1.583000D-01           2.216920D-01
      8.190000D-02           3.952550D-01
      4.123000D-02           3.640780D-01
      1.988000D-02           9.779520D-02
P    1   1.00
      4.123000D-02           1.000000D+00
P    1   1.00
      1.988000D-02           1.000000D+00
P    1   1.00
      7.100000D-03           1.0000000
D    1   1.00
      1.083700D+00           1.000000D+00
D    1   1.00
      4.968000D-01           1.000000D+00
D    1   1.00
      2.278000D-01           1.000000D+00
D    1   1.00
      1.044000D-01           1.000000D+00
D    1   1.00
      3.710000D-02           1.0000000
F    1   1.00
      4.917000D-01           1.000000D+00
F    1   1.00
      2.764000D-01           1.000000D+00
F    1   1.00
      1.554000D-01           1.000000D+00
F    1   1.00
      5.790000D-02           1.0000000
G    1   1.00
      4.427000D-01           1.000000D+00
G    1   1.00
      2.311000D-01           1.000000D+00
G    1   1.00
      9.470000D-02           1.0000000
H    1   1.00
      3.731000D-01           1.0000000
H    1   1.00
      1.577000D-01           1.0000000
****
