!----------------------------------------------------------------------
! Basis Set Exchange
! Version 0.11
! https://www.basissetexchange.org
!----------------------------------------------------------------------
!   Basis set: aug-cc-pV5Z
! Description: aug-cc-pV5Z
!        Role: orbital
!     Version: 1  (Data from ccRepo/Grant Hill)
!----------------------------------------------------------------------


N     0
S    14   1.00
      1.292000D+05           2.500000D-05
      1.935000D+04           1.970000D-04
      4.404000D+03           1.032000D-03
      1.248000D+03           4.325000D-03
      4.080000D+02           1.538000D-02
      1.482000D+02           4.686700D-02
      5.850000D+01           1.201160D-01
      2.459000D+01           2.456950D-01
      1.081000D+01           3.613790D-01
      4.882000D+00           2.872830D-01
      2.195000D+00           7.017100D-02
      8.715000D-01           1.831000D-03
      3.504000D-01           8.350000D-04
      1.397000D-01          -6.000000D-06
S    1   1.00
      2.195000D+00           1.000000D+00
S    1   1.00
      8.715000D-01           1.000000D+00
S    1   1.00
      3.504000D-01           1.000000D+00
S    14   1.00
      1.292000D+05          -6.000000D-06
      1.935000D+04          -4.300000D-05
      4.404000D+03          -2.270000D-04
      1.248000D+03          -9.580000D-04
      4.080000D+02          -3.416000D-03
      1.482000D+02          -1.066700D-02
      5.850000D+01          -2.827900D-02
      2.459000D+01          -6.402000D-02
      1.081000D+01          -1.139320D-01
      4.882000D+00          -1.469950D-01
      2.195000D+00          -7.251000D-03
      8.715000D-01           3.661830D-01
      3.504000D-01           5.479080D-01
      1.397000D-01           2.166450D-01
S    1   1.00
      1.397000D-01           1.000000D+00
S    1   1.00
      0.0518000              1.0000000
P    1   1.00
      1.587000D+00           1.000000D+00
P    1   1.00
      6.533000D-01           1.000000D+00
P    8   1.00
      1.470000D+02           8.920000D-04
      3.476000D+01           7.082000D-03
      1.100000D+01           3.281600D-02
      3.995000D+00           1.082090D-01
      1.587000D+00           2.480940D-01
      6.533000D-01           3.745130D-01
      2.686000D-01           3.484140D-01
      1.067000D-01           1.283400D-01
P    1   1.00
      2.686000D-01           1.000000D+00
P    1   1.00
      1.067000D-01           1.000000D+00
P    1   1.00
      0.0369000              1.0000000
D    1   1.00
      4.647000D+00           1.000000D+00
D    1   1.00
      1.813000D+00           1.000000D+00
D    1   1.00
      7.070000D-01           1.000000D+00
D    1   1.00
      2.760000D-01           1.000000D+00
D    1   1.00
      0.0971000              1.0000000
F    1   1.00
      2.942000D+00           1.000000D+00
F    1   1.00
      1.204000D+00           1.000000D+00
F    1   1.00
      4.930000D-01           1.000000D+00
F    1   1.00
      0.1920000              1.0000000
G    1   1.00
      2.511000D+00           1.000000D+00
G    1   1.00
      9.420000D-01           1.000000D+00
G    1   1.00
      0.4360000              1.0000000
H    1   1.00
      1.768000D+00           1.0000000
H    1   1.00
      0.7880000              1.0000000
****
