!----------------------------------------------------------------------
! Basis Set Exchange
! Version 0.11
! https://www.basissetexchange.org
!----------------------------------------------------------------------
!   Basis set: aug-cc-pV5Z
! Description: aug-cc-pV5Z
!        Role: orbital
!     Version: 1  (Data from ccRepo/Grant Hill)
!----------------------------------------------------------------------


Ne     0
S    14   1.00
      2.627000D+05           2.600000D-05
      3.935000D+04           2.000000D-04
      8.955000D+03           1.050000D-03
      2.538000D+03           4.400000D-03
      8.299000D+02           1.564900D-02
      3.015000D+02           4.775800D-02
      1.190000D+02           1.229430D-01
      5.000000D+01           2.524830D-01
      2.198000D+01           3.663140D-01
      9.891000D+00           2.796170D-01
      4.327000D+00           6.165100D-02
      1.804000D+00           9.340000D-04
      7.288000D-01           1.367000D-03
      2.867000D-01          -3.800000D-05
S    1   1.00
      4.327000D+00           1.000000D+00
S    1   1.00
      1.804000D+00           1.000000D+00
S    14   1.00
      2.627000D+05          -6.000000D-06
      3.935000D+04          -4.700000D-05
      8.955000D+03          -2.470000D-04
      2.538000D+03          -1.038000D-03
      8.299000D+02          -3.711000D-03
      3.015000D+02          -1.159300D-02
      1.190000D+02          -3.108600D-02
      5.000000D+01          -7.097200D-02
      2.198000D+01          -1.272660D-01
      9.891000D+00          -1.512310D-01
      4.327000D+00           2.466600D-02
      1.804000D+00           3.996120D-01
      7.288000D-01           5.266160D-01
      2.867000D-01           1.908540D-01
S    1   1.00
      7.288000D-01           1.000000D+00
S    1   1.00
      2.867000D-01           1.000000D+00
S    1   1.00
      0.0957000              1.0000000
P    1   1.00
      3.269000D+00           1.000000D+00
P    1   1.00
      1.315000D+00           1.000000D+00
P    8   1.00
      2.991000D+02           1.038000D-03
      7.073000D+01           8.375000D-03
      2.248000D+01           3.969300D-02
      8.246000D+00           1.280560D-01
      3.269000D+00           2.703250D-01
      1.315000D+00           3.709630D-01
      5.158000D-01           3.284990D-01
      1.918000D-01           1.275880D-01
P    1   1.00
      5.158000D-01           1.000000D+00
P    1   1.00
      1.918000D-01           1.000000D+00
P    1   1.00
      0.0654000              1.0000000
D    1   1.00
      9.837000D+00           1.000000D+00
D    1   1.00
      3.844000D+00           1.000000D+00
D    1   1.00
      1.502000D+00           1.000000D+00
D    1   1.00
      5.870000D-01           1.000000D+00
D    1   1.00
      0.2130000              1.0000000
F    1   1.00
      7.090000D+00           1.000000D+00
F    1   1.00
      2.738000D+00           1.000000D+00
F    1   1.00
      1.057000D+00           1.000000D+00
F    1   1.00
      0.4250000              1.0000000
G    1   1.00
      5.460000D+00           1.000000D+00
G    1   1.00
      1.880000D+00           1.000000D+00
G    1   1.00
      0.8090000              1.0000000
H    1   1.00
      3.776000D+00           1.0000000
H    1   1.00
      1.6280000              1.0000000
****
