!----------------------------------------------------------------------
! Basis Set Exchange
! Version 0.11
! https://www.basissetexchange.org
!----------------------------------------------------------------------
!   Basis set: aug-cc-pV5Z
! Description: aug-cc-pV5Z
!        Role: orbital
!     Version: 1  (Data from ccRepo/Grant Hill)
!----------------------------------------------------------------------


O     0
S    14   1.00
      1.642000D+05           2.600000D-05
      2.459000D+04           2.050000D-04
      5.592000D+03           1.076000D-03
      1.582000D+03           4.522000D-03
      5.161000D+02           1.610800D-02
      1.872000D+02           4.908500D-02
      7.393000D+01           1.248570D-01
      3.122000D+01           2.516860D-01
      1.381000D+01           3.624200D-01
      6.256000D+00           2.790510D-01
      2.776000D+00           6.355200D-02
      1.138000D+00           1.063000D-03
      4.600000D-01           1.144000D-03
      1.829000D-01          -4.000000D-05
S    1   1.00
      2.776000D+00           1.000000D+00
S    1   1.00
      1.138000D+00           1.000000D+00
S    14   1.00
      1.642000D+05          -6.000000D-06
      2.459000D+04          -4.600000D-05
      5.592000D+03          -2.440000D-04
      1.582000D+03          -1.031000D-03
      5.161000D+02          -3.688000D-03
      1.872000D+02          -1.151400D-02
      7.393000D+01          -3.043500D-02
      3.122000D+01          -6.814700D-02
      1.381000D+01          -1.203680D-01
      6.256000D+00          -1.482600D-01
      2.776000D+00           9.905000D-03
      1.138000D+00           3.842860D-01
      4.600000D-01           5.368050D-01
      1.829000D-01           2.026870D-01
S    1   1.00
      4.600000D-01           1.000000D+00
S    1   1.00
      1.829000D-01           1.000000D+00
S    1   1.00
      0.0655000              1.0000000
P    1   1.00
      2.094000D+00           1.000000D+00
P    1   1.00
      8.471000D-01           1.000000D+00
P    8   1.00
      1.955000D+02           9.180000D-04
      4.616000D+01           7.388000D-03
      1.458000D+01           3.495800D-02
      5.296000D+00           1.154310D-01
      2.094000D+00           2.568030D-01
      8.471000D-01           3.739380D-01
      3.368000D-01           3.434470D-01
      1.285000D-01           1.297060D-01
P    1   1.00
      3.368000D-01           1.000000D+00
P    1   1.00
      1.285000D-01           1.000000D+00
P    1   1.00
      0.0446000              1.0000000
D    1   1.00
      5.879000D+00           1.000000D+00
D    1   1.00
      2.307000D+00           1.000000D+00
D    1   1.00
      9.050000D-01           1.000000D+00
D    1   1.00
      3.550000D-01           1.000000D+00
D    1   1.00
      0.1310000              1.0000000
F    1   1.00
      4.016000D+00           1.000000D+00
F    1   1.00
      1.554000D+00           1.000000D+00
F    1   1.00
      6.010000D-01           1.000000D+00
F    1   1.00
      0.2370000              1.0000000
G    1   1.00
      3.350000D+00           1.000000D+00
G    1   1.00
      1.189000D+00           1.000000D+00
G    1   1.00
      0.5170000              1.0000000
H    1   1.00
      2.319000D+00           1.0000000
H    1   1.00
      1.0240000              1.0000000
****
